# Force coefficients
# liftDir     : (0.000000e+00 0.000000e+00 1.000000e+00)
# dragDir     : (1.000000e+00 0.000000e+00 0.000000e+00)
# pitchAxis   : (0.000000e+00 1.000000e+00 0.000000e+00)
# magUInf     : 1.300000e+01
# lRef        : 1.500000e+00
# Aref        : 1.000000e+00
# CofR        : (0.000000e+00 0.000000e+00 0.000000e+00)
# Time        	Cm            	Cd            	Cl            	Cl(f)         	Cl(r)         
1             	9.364118e-01	1.021696e+01	2.553790e+00	2.213307e+00	3.404830e-01
2             	5.099138e-01	6.115124e+00	1.192388e+00	1.106108e+00	8.628011e-02
3             	2.689051e-01	3.187769e+00	3.762070e-01	4.570086e-01	-8.080157e-02
4             	2.500187e-01	2.461637e+00	3.355303e-01	4.177838e-01	-8.225354e-02
5             	2.436067e-01	2.017234e+00	3.280905e-01	4.076520e-01	-7.956149e-02
6             	2.523324e-01	1.798831e+00	3.302424e-01	4.174536e-01	-8.721123e-02
7             	2.667814e-01	1.700992e+00	3.378077e-01	4.356853e-01	-9.787755e-02
8             	2.795761e-01	1.669729e+00	3.448473e-01	4.519997e-01	-1.071524e-01
9             	2.887747e-01	1.660135e+00	3.530974e-01	4.653234e-01	-1.122260e-01
10            	2.944766e-01	1.654843e+00	3.643285e-01	4.766408e-01	-1.123123e-01
11            	2.973629e-01	1.649369e+00	3.781342e-01	4.864300e-01	-1.082958e-01
12            	2.986919e-01	1.640857e+00	3.935562e-01	4.954700e-01	-1.019138e-01
13            	2.990559e-01	1.628214e+00	4.102054e-01	5.041586e-01	-9.395323e-02
14            	2.984401e-01	1.610824e+00	4.278525e-01	5.123664e-01	-8.451388e-02
15            	2.966701e-01	1.590035e+00	4.456163e-01	5.194782e-01	-7.386193e-02
16            	2.943597e-01	1.568062e+00	4.629087e-01	5.258141e-01	-6.290538e-02
17            	2.921577e-01	1.546702e+00	4.793258e-01	5.318206e-01	-5.249477e-02
18            	2.905571e-01	1.527309e+00	4.940988e-01	5.376065e-01	-4.350772e-02
19            	2.897364e-01	1.510724e+00	5.065125e-01	5.429926e-01	-3.648015e-02
20            	2.897854e-01	1.497004e+00	5.161726e-01	5.478717e-01	-3.169914e-02
21            	2.905293e-01	1.485918e+00	5.234474e-01	5.522530e-01	-2.880560e-02
22            	2.917685e-01	1.477304e+00	5.287154e-01	5.561262e-01	-2.741080e-02
23            	2.932664e-01	1.471013e+00	5.324808e-01	5.595068e-01	-2.702597e-02
24            	2.948944e-01	1.466607e+00	5.351432e-01	5.624660e-01	-2.732278e-02
25            	2.965147e-01	1.463679e+00	5.370903e-01	5.650599e-01	-2.796958e-02
26            	2.980851e-01	1.461938e+00	5.386558e-01	5.674130e-01	-2.875719e-02
27            	2.995599e-01	1.461084e+00	5.399686e-01	5.695442e-01	-2.957565e-02
28            	3.009663e-01	1.461045e+00	5.412132e-01	5.715729e-01	-3.035969e-02
29            	3.022715e-01	1.461607e+00	5.424091e-01	5.734761e-01	-3.106697e-02
30            	3.034790e-01	1.462550e+00	5.436176e-01	5.752878e-01	-3.167014e-02
31            	3.045769e-01	1.463640e+00	5.448366e-01	5.769952e-01	-3.215861e-02
32            	3.055724e-01	1.464716e+00	5.460915e-01	5.786181e-01	-3.252666e-02
33            	3.064439e-01	1.465584e+00	5.473422e-01	5.801150e-01	-3.277286e-02
34            	3.071844e-01	1.466089e+00	5.486080e-01	5.814884e-01	-3.288039e-02
35            	3.077702e-01	1.466263e+00	5.498958e-01	5.827181e-01	-3.282228e-02
36            	3.082313e-01	1.466146e+00	5.511885e-01	5.838255e-01	-3.263707e-02
37            	3.085927e-01	1.465846e+00	5.524218e-01	5.848036e-01	-3.238175e-02
38            	3.088937e-01	1.465431e+00	5.535378e-01	5.856626e-01	-3.212476e-02
39            	3.091605e-01	1.465038e+00	5.545075e-01	5.864142e-01	-3.190669e-02
40            	3.094228e-01	1.464738e+00	5.553771e-01	5.871113e-01	-3.173421e-02
41            	3.096432e-01	1.464441e+00	5.561927e-01	5.877396e-01	-3.154688e-02
42            	3.098062e-01	1.463966e+00	5.569723e-01	5.882924e-01	-3.132006e-02
43            	3.098868e-01	1.463340e+00	5.577343e-01	5.887540e-01	-3.101967e-02
44            	3.098858e-01	1.462624e+00	5.584923e-01	5.891319e-01	-3.063969e-02
45            	3.097490e-01	1.461781e+00	5.592473e-01	5.893726e-01	-3.012532e-02
46            	3.095621e-01	1.460924e+00	5.598190e-01	5.894716e-01	-2.965259e-02
47            	3.093482e-01	1.460072e+00	5.601006e-01	5.893985e-01	-2.929785e-02
48            	3.091348e-01	1.459209e+00	5.600451e-01	5.891574e-01	-2.911228e-02
49            	3.089176e-01	1.458408e+00	5.596995e-01	5.887673e-01	-2.906785e-02
50            	3.087073e-01	1.457687e+00	5.591075e-01	5.882611e-01	-2.915356e-02
51            	3.085121e-01	1.457044e+00	5.582981e-01	5.876611e-01	-2.936303e-02
52            	3.083445e-01	1.456519e+00	5.573420e-01	5.870155e-01	-2.967355e-02
53            	3.081998e-01	1.456105e+00	5.562504e-01	5.863250e-01	-3.007461e-02
54            	3.080855e-01	1.455792e+00	5.551255e-01	5.856482e-01	-3.052275e-02
55            	3.079755e-01	1.455578e+00	5.541667e-01	5.850588e-01	-3.089214e-02
56            	3.078772e-01	1.455445e+00	5.535069e-01	5.846307e-01	-3.112376e-02
57            	3.077766e-01	1.455314e+00	5.530892e-01	5.843212e-01	-3.123201e-02
58            	3.076915e-01	1.455190e+00	5.528545e-01	5.841188e-01	-3.126423e-02
59            	3.076143e-01	1.455073e+00	5.527133e-01	5.839710e-01	-3.125765e-02
60            	3.075505e-01	1.454929e+00	5.526462e-01	5.838736e-01	-3.122737e-02
61            	3.074924e-01	1.454777e+00	5.526111e-01	5.837980e-01	-3.118688e-02
62            	3.074388e-01	1.454648e+00	5.526141e-01	5.837459e-01	-3.113172e-02
63            	3.073925e-01	1.454479e+00	5.526176e-01	5.837013e-01	-3.108373e-02
64            	3.073498e-01	1.454325e+00	5.526207e-01	5.836602e-01	-3.103944e-02
65            	3.072943e-01	1.454192e+00	5.526061e-01	5.835973e-01	-3.099123e-02
66            	3.072463e-01	1.454043e+00	5.525845e-01	5.835386e-01	-3.095405e-02
67            	3.071803e-01	1.453905e+00	5.525409e-01	5.834508e-01	-3.090986e-02
68            	3.071120e-01	1.453779e+00	5.525143e-01	5.833692e-01	-3.085487e-02
69            	3.070295e-01	1.453635e+00	5.524758e-01	5.832674e-01	-3.079160e-02
70            	3.069430e-01	1.453503e+00	5.524558e-01	5.831708e-01	-3.071509e-02
71            	3.068358e-01	1.453367e+00	5.524353e-01	5.830534e-01	-3.061813e-02
72            	3.067218e-01	1.453225e+00	5.524209e-01	5.829322e-01	-3.051134e-02
73            	3.066015e-01	1.453102e+00	5.523923e-01	5.827976e-01	-3.040532e-02
74            	3.064739e-01	1.452984e+00	5.523660e-01	5.826568e-01	-3.029090e-02
75            	3.063429e-01	1.452863e+00	5.523090e-01	5.824973e-01	-3.018837e-02
76            	3.062305e-01	1.452757e+00	5.522560e-01	5.823585e-01	-3.010251e-02
77            	3.061047e-01	1.452667e+00	5.521635e-01	5.821864e-01	-3.002292e-02
78            	3.059953e-01	1.452572e+00	5.520566e-01	5.820236e-01	-2.996702e-02
79            	3.058887e-01	1.452504e+00	5.519254e-01	5.818514e-01	-2.992601e-02
80            	3.057940e-01	1.452455e+00	5.517955e-01	5.816918e-01	-2.989630e-02
81            	3.057103e-01	1.452400e+00	5.516656e-01	5.815431e-01	-2.987748e-02
82            	3.056352e-01	1.452375e+00	5.515586e-01	5.814145e-01	-2.985596e-02
83            	3.055586e-01	1.452368e+00	5.514545e-01	5.812858e-01	-2.983137e-02
84            	3.054958e-01	1.452356e+00	5.513907e-01	5.811912e-01	-2.980045e-02
85            	3.054404e-01	1.452359e+00	5.513483e-01	5.811145e-01	-2.976625e-02
86            	3.053839e-01	1.452384e+00	5.513317e-01	5.810497e-01	-2.971801e-02
87            	3.053362e-01	1.452387e+00	5.513260e-01	5.809992e-01	-2.967321e-02
88            	3.052945e-01	1.452400e+00	5.513341e-01	5.809616e-01	-2.962744e-02
89            	3.052483e-01	1.452425e+00	5.513490e-01	5.809228e-01	-2.957384e-02
90            	3.052138e-01	1.452436e+00	5.513752e-01	5.809014e-01	-2.952623e-02
91            	3.051849e-01	1.452444e+00	5.513939e-01	5.808818e-01	-2.948795e-02
92            	3.051510e-01	1.452477e+00	5.514287e-01	5.808653e-01	-2.943659e-02
93            	3.051260e-01	1.452476e+00	5.514522e-01	5.808521e-01	-2.939983e-02
94            	3.051069e-01	1.452477e+00	5.514792e-01	5.808465e-01	-2.936736e-02
95            	3.050822e-01	1.452491e+00	5.515054e-01	5.808349e-01	-2.932947e-02
96            	3.050578e-01	1.452494e+00	5.515338e-01	5.808247e-01	-2.929088e-02
97            	3.050373e-01	1.452492e+00	5.515504e-01	5.808125e-01	-2.926213e-02
98            	3.050167e-01	1.452510e+00	5.515777e-01	5.808056e-01	-2.922786e-02
99            	3.049954e-01	1.452509e+00	5.515953e-01	5.807931e-01	-2.919772e-02
100           	3.049800e-01	1.452511e+00	5.516134e-01	5.807867e-01	-2.917330e-02
101           	3.049528e-01	1.452538e+00	5.516297e-01	5.807676e-01	-2.913797e-02
102           	3.049345e-01	1.452540e+00	5.516559e-01	5.807625e-01	-2.910660e-02
103           	3.049210e-01	1.452538e+00	5.516727e-01	5.807574e-01	-2.908470e-02
104           	3.049065e-01	1.452562e+00	5.517005e-01	5.807567e-01	-2.905622e-02
105           	3.048918e-01	1.452561e+00	5.517088e-01	5.807462e-01	-2.903735e-02
106           	3.048749e-01	1.452573e+00	5.517173e-01	5.807336e-01	-2.901628e-02
107           	3.048624e-01	1.452592e+00	5.517256e-01	5.807252e-01	-2.899959e-02
108           	3.048510e-01	1.452594e+00	5.517347e-01	5.807183e-01	-2.898360e-02
109           	3.048416e-01	1.452600e+00	5.517411e-01	5.807121e-01	-2.897104e-02
110           	3.048326e-01	1.452628e+00	5.517568e-01	5.807110e-01	-2.895416e-02
111           	3.048252e-01	1.452620e+00	5.517581e-01	5.807042e-01	-2.894615e-02
112           	3.048166e-01	1.452639e+00	5.517684e-01	5.807008e-01	-2.893242e-02
113           	3.048106e-01	1.452659e+00	5.517812e-01	5.807013e-01	-2.892003e-02
114           	3.048040e-01	1.452667e+00	5.517948e-01	5.807013e-01	-2.890656e-02
115           	3.048012e-01	1.452670e+00	5.518029e-01	5.807027e-01	-2.889973e-02
116           	3.047987e-01	1.452695e+00	5.518194e-01	5.807084e-01	-2.888903e-02
117           	3.047942e-01	1.452697e+00	5.518270e-01	5.807077e-01	-2.888070e-02
118           	3.047941e-01	1.452709e+00	5.518468e-01	5.807175e-01	-2.887066e-02
119           	3.047928e-01	1.452727e+00	5.518592e-01	5.807224e-01	-2.886324e-02
120           	3.047931e-01	1.452728e+00	5.518735e-01	5.807298e-01	-2.885632e-02
121           	3.047928e-01	1.452737e+00	5.518809e-01	5.807332e-01	-2.885230e-02
122           	3.047950e-01	1.452758e+00	5.519028e-01	5.807464e-01	-2.884359e-02
123           	3.047943e-01	1.452754e+00	5.519087e-01	5.807486e-01	-2.883992e-02
124           	3.047941e-01	1.452763e+00	5.519202e-01	5.807542e-01	-2.883406e-02
125           	3.047926e-01	1.452782e+00	5.519291e-01	5.807572e-01	-2.882807e-02
126           	3.047963e-01	1.452776e+00	5.519444e-01	5.807685e-01	-2.882406e-02
127           	3.047985e-01	1.452775e+00	5.519518e-01	5.807744e-01	-2.882260e-02
128           	3.047959e-01	1.452796e+00	5.519594e-01	5.807756e-01	-2.881620e-02
129           	3.047953e-01	1.452790e+00	5.519579e-01	5.807743e-01	-2.881636e-02
130           	3.047960e-01	1.452796e+00	5.519694e-01	5.807807e-01	-2.881133e-02
131           	3.047985e-01	1.452809e+00	5.519798e-01	5.807884e-01	-2.880855e-02
132           	3.047995e-01	1.452804e+00	5.519910e-01	5.807950e-01	-2.880400e-02
133           	3.048007e-01	1.452803e+00	5.519937e-01	5.807976e-01	-2.880382e-02
134           	3.048025e-01	1.452818e+00	5.520081e-01	5.808065e-01	-2.879846e-02
135           	3.048040e-01	1.452808e+00	5.520103e-01	5.808092e-01	-2.879884e-02
136           	3.048031e-01	1.452816e+00	5.520186e-01	5.808124e-01	-2.879377e-02
137           	3.048035e-01	1.452828e+00	5.520211e-01	5.808140e-01	-2.879291e-02
138           	3.048053e-01	1.452824e+00	5.520276e-01	5.808191e-01	-2.879155e-02
139           	3.048047e-01	1.452821e+00	5.520255e-01	5.808175e-01	-2.879199e-02
140           	3.048048e-01	1.452835e+00	5.520343e-01	5.808219e-01	-2.878760e-02
141           	3.048042e-01	1.452829e+00	5.520321e-01	5.808202e-01	-2.878814e-02
142           	3.048053e-01	1.452831e+00	5.520389e-01	5.808248e-01	-2.878588e-02
143           	3.048059e-01	1.452844e+00	5.520435e-01	5.808277e-01	-2.878414e-02
144           	3.048057e-01	1.452845e+00	5.520486e-01	5.808300e-01	-2.878139e-02
145           	3.048057e-01	1.452837e+00	5.520468e-01	5.808291e-01	-2.878233e-02
146           	3.048095e-01	1.452855e+00	5.520594e-01	5.808392e-01	-2.877985e-02
147           	3.048107e-01	1.452848e+00	5.520580e-01	5.808397e-01	-2.878170e-02
148           	3.048099e-01	1.452846e+00	5.520576e-01	5.808387e-01	-2.878111e-02
149           	3.048114e-01	1.452858e+00	5.520593e-01	5.808411e-01	-2.878175e-02
150           	3.048147e-01	1.452851e+00	5.520662e-01	5.808477e-01	-2.878156e-02
151           	3.048144e-01	1.452852e+00	5.520615e-01	5.808451e-01	-2.878362e-02
152           	3.048159e-01	1.452866e+00	5.520687e-01	5.808502e-01	-2.878152e-02
153           	3.048163e-01	1.452854e+00	5.520636e-01	5.808481e-01	-2.878448e-02
154           	3.048170e-01	1.452859e+00	5.520682e-01	5.808511e-01	-2.878290e-02
155           	3.048153e-01	1.452872e+00	5.520668e-01	5.808486e-01	-2.878188e-02
156           	3.048197e-01	1.452861e+00	5.520756e-01	5.808574e-01	-2.878188e-02
157           	3.048179e-01	1.452859e+00	5.520684e-01	5.808521e-01	-2.878375e-02
158           	3.048185e-01	1.452871e+00	5.520777e-01	5.808574e-01	-2.877970e-02
159           	3.048197e-01	1.452860e+00	5.520758e-01	5.808576e-01	-2.878177e-02
160           	3.048203e-01	1.452860e+00	5.520822e-01	5.808614e-01	-2.877920e-02
161           	3.048206e-01	1.452863e+00	5.520760e-01	5.808586e-01	-2.878263e-02
162           	3.048228e-01	1.452857e+00	5.520823e-01	5.808640e-01	-2.878167e-02
163           	3.048198e-01	1.452856e+00	5.520724e-01	5.808560e-01	-2.878355e-02
164           	3.048232e-01	1.452860e+00	5.520801e-01	5.808632e-01	-2.878312e-02
165           	3.048217e-01	1.452858e+00	5.520738e-01	5.808586e-01	-2.878484e-02
166           	3.048238e-01	1.452856e+00	5.520798e-01	5.808637e-01	-2.878388e-02
167           	3.048241e-01	1.452851e+00	5.520772e-01	5.808627e-01	-2.878551e-02
168           	3.048264e-01	1.452851e+00	5.520872e-01	5.808700e-01	-2.878281e-02
169           	3.048243e-01	1.452855e+00	5.520834e-01	5.808660e-01	-2.878256e-02
170           	3.048239e-01	1.452860e+00	5.520855e-01	5.808667e-01	-2.878120e-02
171           	3.048256e-01	1.452850e+00	5.520851e-01	5.808682e-01	-2.878310e-02
172           	3.048229e-01	1.452865e+00	5.520868e-01	5.808663e-01	-2.877950e-02
173           	3.048233e-01	1.452864e+00	5.520800e-01	5.808633e-01	-2.878328e-02
174           	3.048278e-01	1.452856e+00	5.520927e-01	5.808742e-01	-2.878151e-02
175           	3.048278e-01	1.452855e+00	5.520885e-01	5.808721e-01	-2.878357e-02
176           	3.048303e-01	1.452858e+00	5.520917e-01	5.808761e-01	-2.878445e-02
177           	3.048283e-01	1.452859e+00	5.520903e-01	5.808734e-01	-2.878315e-02
178           	3.048277e-01	1.452860e+00	5.520920e-01	5.808737e-01	-2.878171e-02
179           	3.048298e-01	1.452850e+00	5.520889e-01	5.808743e-01	-2.878539e-02
180           	3.048281e-01	1.452856e+00	5.520925e-01	5.808744e-01	-2.878187e-02
181           	3.048275e-01	1.452853e+00	5.520869e-01	5.808710e-01	-2.878411e-02
182           	3.048303e-01	1.452850e+00	5.520925e-01	5.808766e-01	-2.878407e-02
183           	3.048325e-01	1.452845e+00	5.520950e-01	5.808800e-01	-2.878498e-02
184           	3.048308e-01	1.452853e+00	5.520929e-01	5.808772e-01	-2.878433e-02
185           	3.048272e-01	1.452852e+00	5.520771e-01	5.808657e-01	-2.878861e-02
186           	3.048288e-01	1.452852e+00	5.520861e-01	5.808719e-01	-2.878579e-02
187           	3.048287e-01	1.452848e+00	5.520798e-01	5.808686e-01	-2.878877e-02
188           	3.048312e-01	1.452853e+00	5.520909e-01	5.808767e-01	-2.878581e-02
189           	3.048320e-01	1.452848e+00	5.520932e-01	5.808786e-01	-2.878542e-02
190           	3.048331e-01	1.452852e+00	5.520978e-01	5.808820e-01	-2.878417e-02
191           	3.048327e-01	1.452847e+00	5.520913e-01	5.808783e-01	-2.878701e-02
192           	3.048327e-01	1.452853e+00	5.521026e-01	5.808840e-01	-2.878135e-02
193           	3.048318e-01	1.452846e+00	5.520934e-01	5.808785e-01	-2.878510e-02
194           	3.048363e-01	1.452852e+00	5.521029e-01	5.808878e-01	-2.878488e-02
195           	3.048356e-01	1.452853e+00	5.521016e-01	5.808864e-01	-2.878481e-02
196           	3.048347e-01	1.452857e+00	5.520988e-01	5.808841e-01	-2.878532e-02
197           	3.048353e-01	1.452848e+00	5.520912e-01	5.808809e-01	-2.878975e-02
198           	3.048376e-01	1.452859e+00	5.521038e-01	5.808895e-01	-2.878571e-02
199           	3.048330e-01	1.452857e+00	5.520898e-01	5.808779e-01	-2.878814e-02
200           	3.048359e-01	1.452852e+00	5.520974e-01	5.808846e-01	-2.878720e-02
201           	3.048383e-01	1.452851e+00	5.521013e-01	5.808889e-01	-2.878766e-02
202           	3.048353e-01	1.452855e+00	5.521016e-01	5.808862e-01	-2.878453e-02
203           	3.048357e-01	1.452850e+00	5.520951e-01	5.808832e-01	-2.878810e-02
204           	3.048368e-01	1.452853e+00	5.521044e-01	5.808890e-01	-2.878459e-02
205           	3.048347e-01	1.452841e+00	5.520936e-01	5.808816e-01	-2.878791e-02
206           	3.048380e-01	1.452845e+00	5.520974e-01	5.808867e-01	-2.878925e-02
207           	3.048340e-01	1.452850e+00	5.520913e-01	5.808797e-01	-2.878837e-02
208           	3.048344e-01	1.452846e+00	5.520917e-01	5.808803e-01	-2.878860e-02
209           	3.048342e-01	1.452843e+00	5.520875e-01	5.808779e-01	-2.879047e-02
210           	3.048357e-01	1.452844e+00	5.520959e-01	5.808836e-01	-2.878772e-02
211           	3.048355e-01	1.452841e+00	5.520897e-01	5.808804e-01	-2.879071e-02
212           	3.048333e-01	1.452847e+00	5.520875e-01	5.808770e-01	-2.878958e-02
213           	3.048330e-01	1.452840e+00	5.520875e-01	5.808768e-01	-2.878923e-02
214           	3.048312e-01	1.452854e+00	5.520924e-01	5.808774e-01	-2.878501e-02
215           	3.048321e-01	1.452851e+00	5.520828e-01	5.808735e-01	-2.879066e-02
216           	3.048333e-01	1.452849e+00	5.520896e-01	5.808780e-01	-2.878848e-02
217           	3.048323e-01	1.452852e+00	5.520830e-01	5.808738e-01	-2.879079e-02
218           	3.048331e-01	1.452857e+00	5.520860e-01	5.808761e-01	-2.879010e-02
219           	3.048343e-01	1.452848e+00	5.520869e-01	5.808778e-01	-2.879083e-02
220           	3.048325e-01	1.452855e+00	5.520857e-01	5.808754e-01	-2.878968e-02
221           	3.048326e-01	1.452854e+00	5.520811e-01	5.808732e-01	-2.879207e-02
222           	3.048347e-01	1.452857e+00	5.520928e-01	5.808811e-01	-2.878833e-02
223           	3.048345e-01	1.452853e+00	5.520855e-01	5.808773e-01	-2.879180e-02
224           	3.048359e-01	1.452856e+00	5.520874e-01	5.808796e-01	-2.879221e-02
225           	3.048335e-01	1.452849e+00	5.520820e-01	5.808745e-01	-2.879253e-02
226           	3.048325e-01	1.452856e+00	5.520855e-01	5.808753e-01	-2.878978e-02
227           	3.048336e-01	1.452848e+00	5.520814e-01	5.808743e-01	-2.879293e-02
228           	3.048336e-01	1.452845e+00	5.520852e-01	5.808762e-01	-2.879094e-02
229           	3.048311e-01	1.452851e+00	5.520804e-01	5.808713e-01	-2.879088e-02
230           	3.048324e-01	1.452858e+00	5.520856e-01	5.808753e-01	-2.878961e-02
231           	3.048357e-01	1.452849e+00	5.520909e-01	5.808812e-01	-2.879030e-02
232           	3.048368e-01	1.452861e+00	5.520980e-01	5.808858e-01	-2.878774e-02
233           	3.048311e-01	1.452862e+00	5.520821e-01	5.808721e-01	-2.879004e-02
234           	3.048367e-01	1.452853e+00	5.520985e-01	5.808860e-01	-2.878751e-02
235           	3.048369e-01	1.452858e+00	5.520961e-01	5.808850e-01	-2.878888e-02
236           	3.048365e-01	1.452861e+00	5.520939e-01	5.808834e-01	-2.878956e-02
237           	3.048393e-01	1.452855e+00	5.520955e-01	5.808871e-01	-2.879155e-02
238           	3.048396e-01	1.452867e+00	5.521013e-01	5.808902e-01	-2.878896e-02
239           	3.048367e-01	1.452857e+00	5.520883e-01	5.808808e-01	-2.879258e-02
240           	3.048398e-01	1.452849e+00	5.520990e-01	5.808893e-01	-2.879024e-02
241           	3.048376e-01	1.452855e+00	5.520951e-01	5.808851e-01	-2.879004e-02
242           	3.048391e-01	1.452853e+00	5.520957e-01	5.808869e-01	-2.879122e-02
243           	3.048399e-01	1.452849e+00	5.520980e-01	5.808889e-01	-2.879087e-02
244           	3.048402e-01	1.452861e+00	5.521068e-01	5.808936e-01	-2.878679e-02
245           	3.048400e-01	1.452845e+00	5.520929e-01	5.808864e-01	-2.879358e-02
246           	3.048370e-01	1.452847e+00	5.520928e-01	5.808834e-01	-2.879064e-02
247           	3.048351e-01	1.452848e+00	5.520869e-01	5.808785e-01	-2.879162e-02
248           	3.048347e-01	1.452850e+00	5.520864e-01	5.808779e-01	-2.879147e-02
249           	3.048350e-01	1.452841e+00	5.520810e-01	5.808755e-01	-2.879449e-02
250           	3.048360e-01	1.452845e+00	5.520880e-01	5.808800e-01	-2.879194e-02
251           	3.048367e-01	1.452845e+00	5.520843e-01	5.808788e-01	-2.879454e-02
252           	3.048367e-01	1.452842e+00	5.520885e-01	5.808810e-01	-2.879249e-02
253           	3.048361e-01	1.452843e+00	5.520862e-01	5.808791e-01	-2.879297e-02
254           	3.048370e-01	1.452844e+00	5.520910e-01	5.808825e-01	-2.879155e-02
255           	3.048336e-01	1.452839e+00	5.520828e-01	5.808750e-01	-2.879224e-02
256           	3.048344e-01	1.452842e+00	5.520883e-01	5.808786e-01	-2.879028e-02
257           	3.048339e-01	1.452839e+00	5.520817e-01	5.808748e-01	-2.879312e-02
258           	3.048343e-01	1.452843e+00	5.520863e-01	5.808775e-01	-2.879114e-02
259           	3.048322e-01	1.452846e+00	5.520775e-01	5.808709e-01	-2.879343e-02
260           	3.048338e-01	1.452848e+00	5.520844e-01	5.808760e-01	-2.879159e-02
261           	3.048328e-01	1.452842e+00	5.520789e-01	5.808723e-01	-2.879339e-02
262           	3.048343e-01	1.452845e+00	5.520865e-01	5.808775e-01	-2.879103e-02
263           	3.048340e-01	1.452845e+00	5.520842e-01	5.808761e-01	-2.879190e-02
264           	3.048352e-01	1.452846e+00	5.520931e-01	5.808817e-01	-2.878862e-02
265           	3.048346e-01	1.452842e+00	5.520864e-01	5.808778e-01	-2.879137e-02
266           	3.048344e-01	1.452851e+00	5.520907e-01	5.808797e-01	-2.878903e-02
267           	3.048337e-01	1.452845e+00	5.520838e-01	5.808756e-01	-2.879184e-02
268           	3.048369e-01	1.452852e+00	5.520913e-01	5.808825e-01	-2.879121e-02
269           	3.048358e-01	1.452846e+00	5.520857e-01	5.808787e-01	-2.879297e-02
270           	3.048334e-01	1.452849e+00	5.520890e-01	5.808780e-01	-2.878894e-02
271           	3.048353e-01	1.452845e+00	5.520868e-01	5.808787e-01	-2.879196e-02
272           	3.048385e-01	1.452844e+00	5.520952e-01	5.808860e-01	-2.879088e-02
273           	3.048347e-01	1.452844e+00	5.520874e-01	5.808784e-01	-2.879101e-02
274           	3.048373e-01	1.452847e+00	5.520947e-01	5.808846e-01	-2.878992e-02
275           	3.048323e-01	1.452851e+00	5.520837e-01	5.808741e-01	-2.879046e-02
276           	3.048342e-01	1.452849e+00	5.520861e-01	5.808773e-01	-2.879120e-02
277           	3.048332e-01	1.452848e+00	5.520802e-01	5.808734e-01	-2.879314e-02
278           	3.048336e-01	1.452845e+00	5.520858e-01	5.808765e-01	-2.879073e-02
279           	3.048350e-01	1.452841e+00	5.520855e-01	5.808777e-01	-2.879222e-02
280           	3.048346e-01	1.452847e+00	5.520894e-01	5.808793e-01	-2.878988e-02
281           	3.048326e-01	1.452844e+00	5.520841e-01	5.808746e-01	-2.879052e-02
282           	3.048364e-01	1.452845e+00	5.520955e-01	5.808841e-01	-2.878864e-02
283           	3.048326e-01	1.452842e+00	5.520852e-01	5.808752e-01	-2.878999e-02
284           	3.048368e-01	1.452844e+00	5.520957e-01	5.808847e-01	-2.878897e-02
285           	3.048360e-01	1.452841e+00	5.520913e-01	5.808817e-01	-2.879039e-02
286           	3.048386e-01	1.452841e+00	5.520998e-01	5.808885e-01	-2.878873e-02
287           	3.048394e-01	1.452835e+00	5.520930e-01	5.808859e-01	-2.879288e-02
288           	3.048363e-01	1.452838e+00	5.520925e-01	5.808825e-01	-2.879000e-02
289           	3.048348e-01	1.452840e+00	5.520830e-01	5.808763e-01	-2.879333e-02
290           	3.048377e-01	1.452841e+00	5.520918e-01	5.808836e-01	-2.879185e-02
291           	3.048328e-01	1.452844e+00	5.520820e-01	5.808738e-01	-2.879184e-02
292           	3.048336e-01	1.452848e+00	5.520886e-01	5.808779e-01	-2.878935e-02
293           	3.048351e-01	1.452838e+00	5.520869e-01	5.808786e-01	-2.879167e-02
294           	3.048391e-01	1.452839e+00	5.520989e-01	5.808886e-01	-2.878966e-02
295           	3.048369e-01	1.452838e+00	5.520925e-01	5.808832e-01	-2.879070e-02
296           	3.048383e-01	1.452846e+00	5.521004e-01	5.808885e-01	-2.878808e-02
297           	3.048358e-01	1.452842e+00	5.520898e-01	5.808807e-01	-2.879095e-02
298           	3.048371e-01	1.452844e+00	5.520955e-01	5.808849e-01	-2.878937e-02
299           	3.048351e-01	1.452843e+00	5.520872e-01	5.808786e-01	-2.879149e-02
300           	3.048365e-01	1.452841e+00	5.520900e-01	5.808815e-01	-2.879151e-02
301           	3.048370e-01	1.452839e+00	5.520846e-01	5.808793e-01	-2.879474e-02
302           	3.048356e-01	1.452841e+00	5.520916e-01	5.808814e-01	-2.878985e-02
303           	3.048343e-01	1.452839e+00	5.520855e-01	5.808770e-01	-2.879155e-02
304           	3.048343e-01	1.452847e+00	5.520931e-01	5.808809e-01	-2.878778e-02
305           	3.048337e-01	1.452836e+00	5.520850e-01	5.808762e-01	-2.879120e-02
306           	3.048375e-01	1.452841e+00	5.520964e-01	5.808857e-01	-2.878934e-02
307           	3.048344e-01	1.452845e+00	5.520895e-01	5.808792e-01	-2.878967e-02
308           	3.048367e-01	1.452842e+00	5.520989e-01	5.808862e-01	-2.878728e-02
309           	3.048378e-01	1.452844e+00	5.520936e-01	5.808846e-01	-2.879099e-02
310           	3.048373e-01	1.452845e+00	5.520945e-01	5.808845e-01	-2.879008e-02
311           	3.048355e-01	1.452843e+00	5.520854e-01	5.808782e-01	-2.879282e-02
312           	3.048367e-01	1.452852e+00	5.520914e-01	5.808824e-01	-2.879102e-02
313           	3.048364e-01	1.452845e+00	5.520792e-01	5.808760e-01	-2.879684e-02
314           	3.048337e-01	1.452849e+00	5.520841e-01	5.808758e-01	-2.879168e-02
315           	3.048347e-01	1.452852e+00	5.520837e-01	5.808766e-01	-2.879282e-02
316           	3.048372e-01	1.452845e+00	5.520925e-01	5.808835e-01	-2.879098e-02
317           	3.048397e-01	1.452840e+00	5.520912e-01	5.808853e-01	-2.879410e-02
318           	3.048360e-01	1.452852e+00	5.520939e-01	5.808830e-01	-2.878905e-02
319           	3.048357e-01	1.452852e+00	5.520894e-01	5.808804e-01	-2.879104e-02
320           	3.048381e-01	1.452854e+00	5.520937e-01	5.808849e-01	-2.879123e-02
321           	3.048361e-01	1.452848e+00	5.520833e-01	5.808778e-01	-2.879443e-02
322           	3.048370e-01	1.452855e+00	5.520876e-01	5.808808e-01	-2.879317e-02
323           	3.048328e-01	1.452855e+00	5.520751e-01	5.808703e-01	-2.879523e-02
324           	3.048363e-01	1.452855e+00	5.520853e-01	5.808790e-01	-2.879366e-02
325           	3.048346e-01	1.452857e+00	5.520816e-01	5.808753e-01	-2.879378e-02
326           	3.048332e-01	1.452859e+00	5.520816e-01	5.808740e-01	-2.879235e-02
327           	3.048345e-01	1.452854e+00	5.520776e-01	5.808734e-01	-2.879572e-02
328           	3.048344e-01	1.452859e+00	5.520847e-01	5.808768e-01	-2.879208e-02
329           	3.048330e-01	1.452860e+00	5.520771e-01	5.808715e-01	-2.879441e-02
330           	3.048346e-01	1.452865e+00	5.520843e-01	5.808768e-01	-2.879246e-02
331           	3.048351e-01	1.452866e+00	5.520815e-01	5.808759e-01	-2.879440e-02
332           	3.048360e-01	1.452868e+00	5.520830e-01	5.808775e-01	-2.879447e-02
333           	3.048363e-01	1.452868e+00	5.520806e-01	5.808766e-01	-2.879596e-02
334           	3.048344e-01	1.452872e+00	5.520843e-01	5.808765e-01	-2.879224e-02
335           	3.048348e-01	1.452866e+00	5.520751e-01	5.808723e-01	-2.879719e-02
336           	3.048357e-01	1.452866e+00	5.520842e-01	5.808778e-01	-2.879362e-02
337           	3.048373e-01	1.452871e+00	5.520878e-01	5.808812e-01	-2.879346e-02
338           	3.048367e-01	1.452860e+00	5.520893e-01	5.808813e-01	-2.879205e-02
339           	3.048375e-01	1.452855e+00	5.520861e-01	5.808806e-01	-2.879451e-02
340           	3.048384e-01	1.452869e+00	5.520926e-01	5.808847e-01	-2.879210e-02
341           	3.048338e-01	1.452866e+00	5.520774e-01	5.808726e-01	-2.879512e-02
342           	3.048357e-01	1.452864e+00	5.520842e-01	5.808778e-01	-2.879358e-02
343           	3.048358e-01	1.452859e+00	5.520815e-01	5.808766e-01	-2.879507e-02
344           	3.048378e-01	1.452862e+00	5.520869e-01	5.808813e-01	-2.879432e-02
345           	3.048381e-01	1.452849e+00	5.520809e-01	5.808785e-01	-2.879767e-02
346           	3.048373e-01	1.452862e+00	5.520906e-01	5.808826e-01	-2.879200e-02
347           	3.048357e-01	1.452855e+00	5.520824e-01	5.808769e-01	-2.879450e-02
348           	3.048373e-01	1.452856e+00	5.520911e-01	5.808829e-01	-2.879176e-02
349           	3.048389e-01	1.452862e+00	5.520912e-01	5.808845e-01	-2.879330e-02
350           	3.048372e-01	1.452857e+00	5.520881e-01	5.808812e-01	-2.879314e-02
351           	3.048373e-01	1.452856e+00	5.520848e-01	5.808797e-01	-2.879494e-02
352           	3.048376e-01	1.452869e+00	5.520897e-01	5.808824e-01	-2.879273e-02
353           	3.048356e-01	1.452860e+00	5.520778e-01	5.808745e-01	-2.879669e-02
354           	3.048396e-01	1.452860e+00	5.520870e-01	5.808831e-01	-2.879614e-02
355           	3.048355e-01	1.452874e+00	5.520827e-01	5.808768e-01	-2.879410e-02
356           	3.048345e-01	1.452868e+00	5.520839e-01	5.808764e-01	-2.879252e-02
357           	3.048377e-01	1.452861e+00	5.520811e-01	5.808782e-01	-2.879713e-02
358           	3.048375e-01	1.452871e+00	5.520914e-01	5.808832e-01	-2.879180e-02
359           	3.048366e-01	1.452860e+00	5.520829e-01	5.808781e-01	-2.879517e-02
360           	3.048382e-01	1.452861e+00	5.520904e-01	5.808834e-01	-2.879300e-02
361           	3.048386e-01	1.452865e+00	5.520892e-01	5.808832e-01	-2.879401e-02
362           	3.048369e-01	1.452868e+00	5.520901e-01	5.808819e-01	-2.879179e-02
363           	3.048388e-01	1.452869e+00	5.520864e-01	5.808820e-01	-2.879557e-02
364           	3.048401e-01	1.452878e+00	5.520941e-01	5.808871e-01	-2.879304e-02
365           	3.048373e-01	1.452866e+00	5.520790e-01	5.808769e-01	-2.879782e-02
366           	3.048401e-01	1.452863e+00	5.520882e-01	5.808842e-01	-2.879600e-02
367           	3.048394e-01	1.452868e+00	5.520886e-01	5.808836e-01	-2.879508e-02
368           	3.048397e-01	1.452858e+00	5.520917e-01	5.808855e-01	-2.879380e-02
369           	3.048409e-01	1.452850e+00	5.520859e-01	5.808839e-01	-2.879795e-02
370           	3.048394e-01	1.452865e+00	5.520942e-01	5.808865e-01	-2.879225e-02
371           	3.048395e-01	1.452854e+00	5.520869e-01	5.808830e-01	-2.879612e-02
372           	3.048418e-01	1.452858e+00	5.520984e-01	5.808910e-01	-2.879260e-02
373           	3.048400e-01	1.452863e+00	5.520917e-01	5.808858e-01	-2.879413e-02
374           	3.048370e-01	1.452863e+00	5.520900e-01	5.808820e-01	-2.879202e-02
375           	3.048384e-01	1.452860e+00	5.520860e-01	5.808814e-01	-2.879545e-02
376           	3.048375e-01	1.452868e+00	5.520911e-01	5.808830e-01	-2.879191e-02
377           	3.048346e-01	1.452864e+00	5.520782e-01	5.808737e-01	-2.879549e-02
378           	3.048346e-01	1.452868e+00	5.520853e-01	5.808772e-01	-2.879197e-02
379           	3.048350e-01	1.452867e+00	5.520804e-01	5.808752e-01	-2.879476e-02
380           	3.048332e-01	1.452859e+00	5.520791e-01	5.808728e-01	-2.879366e-02
381           	3.048334e-01	1.452857e+00	5.520791e-01	5.808729e-01	-2.879384e-02
382           	3.048370e-01	1.452872e+00	5.520965e-01	5.808853e-01	-2.878879e-02
383           	3.048385e-01	1.452860e+00	5.520912e-01	5.808842e-01	-2.879294e-02
384           	3.048399e-01	1.452859e+00	5.520958e-01	5.808878e-01	-2.879198e-02
385           	3.048348e-01	1.452863e+00	5.520840e-01	5.808768e-01	-2.879279e-02
386           	3.048352e-01	1.452871e+00	5.520875e-01	5.808790e-01	-2.879149e-02
387           	3.048329e-01	1.452866e+00	5.520747e-01	5.808702e-01	-2.879553e-02
388           	3.048333e-01	1.452868e+00	5.520803e-01	5.808734e-01	-2.879317e-02
389           	3.048343e-01	1.452861e+00	5.520758e-01	5.808723e-01	-2.879643e-02
390           	3.048375e-01	1.452863e+00	5.520854e-01	5.808801e-01	-2.879477e-02
391           	3.048336e-01	1.452860e+00	5.520795e-01	5.808734e-01	-2.879385e-02
392           	3.048349e-01	1.452865e+00	5.520876e-01	5.808787e-01	-2.879112e-02
393           	3.048329e-01	1.452864e+00	5.520797e-01	5.808727e-01	-2.879305e-02
394           	3.048329e-01	1.452870e+00	5.520865e-01	5.808762e-01	-2.878969e-02
395           	3.048337e-01	1.452864e+00	5.520785e-01	5.808729e-01	-2.879443e-02
396           	3.048329e-01	1.452862e+00	5.520792e-01	5.808725e-01	-2.879332e-02
397           	3.048346e-01	1.452863e+00	5.520737e-01	5.808715e-01	-2.879779e-02
398           	3.048342e-01	1.452869e+00	5.520789e-01	5.808736e-01	-2.879477e-02
399           	3.048370e-01	1.452865e+00	5.520759e-01	5.808750e-01	-2.879908e-02
400           	3.048330e-01	1.452874e+00	5.520779e-01	5.808720e-01	-2.879409e-02
401           	3.048333e-01	1.452867e+00	5.520740e-01	5.808703e-01	-2.879625e-02
402           	3.048357e-01	1.452870e+00	5.520843e-01	5.808778e-01	-2.879353e-02
403           	3.048374e-01	1.452868e+00	5.520857e-01	5.808803e-01	-2.879455e-02
404           	3.048384e-01	1.452871e+00	5.520908e-01	5.808838e-01	-2.879304e-02
405           	3.048368e-01	1.452863e+00	5.520857e-01	5.808797e-01	-2.879394e-02
406           	3.048414e-01	1.452864e+00	5.520993e-01	5.808910e-01	-2.879176e-02
407           	3.048411e-01	1.452856e+00	5.520901e-01	5.808861e-01	-2.879605e-02
408           	3.048342e-01	1.452860e+00	5.520842e-01	5.808763e-01	-2.879210e-02
409           	3.048363e-01	1.452860e+00	5.520810e-01	5.808768e-01	-2.879578e-02
410           	3.048372e-01	1.452867e+00	5.520899e-01	5.808821e-01	-2.879223e-02
411           	3.048378e-01	1.452863e+00	5.520827e-01	5.808791e-01	-2.879644e-02
412           	3.048375e-01	1.452859e+00	5.520864e-01	5.808807e-01	-2.879430e-02
413           	3.048364e-01	1.452856e+00	5.520793e-01	5.808760e-01	-2.879671e-02
414           	3.048370e-01	1.452864e+00	5.520851e-01	5.808796e-01	-2.879446e-02
415           	3.048329e-01	1.452864e+00	5.520752e-01	5.808705e-01	-2.879531e-02
416           	3.048330e-01	1.452868e+00	5.520800e-01	5.808730e-01	-2.879305e-02
417           	3.048339e-01	1.452864e+00	5.520743e-01	5.808710e-01	-2.879671e-02
418           	3.048367e-01	1.452872e+00	5.520853e-01	5.808794e-01	-2.879407e-02
419           	3.048370e-01	1.452864e+00	5.520789e-01	5.808765e-01	-2.879761e-02
420           	3.048338e-01	1.452869e+00	5.520804e-01	5.808740e-01	-2.879358e-02
421           	3.048337e-01	1.452869e+00	5.520748e-01	5.808711e-01	-2.879633e-02
422           	3.048329e-01	1.452877e+00	5.520804e-01	5.808730e-01	-2.879268e-02
423           	3.048361e-01	1.452875e+00	5.520810e-01	5.808766e-01	-2.879565e-02
424           	3.048362e-01	1.452881e+00	5.520864e-01	5.808794e-01	-2.879300e-02
425           	3.048330e-01	1.452870e+00	5.520734e-01	5.808697e-01	-2.879631e-02
426           	3.048378e-01	1.452874e+00	5.520865e-01	5.808810e-01	-2.879454e-02
427           	3.048360e-01	1.452873e+00	5.520838e-01	5.808780e-01	-2.879413e-02
428           	3.048394e-01	1.452861e+00	5.520897e-01	5.808842e-01	-2.879448e-02
429           	3.048390e-01	1.452859e+00	5.520846e-01	5.808813e-01	-2.879670e-02
430           	3.048415e-01	1.452872e+00	5.520966e-01	5.808897e-01	-2.879318e-02
431           	3.048401e-01	1.452864e+00	5.520874e-01	5.808837e-01	-2.879638e-02
432           	3.048406e-01	1.452863e+00	5.520923e-01	5.808868e-01	-2.879442e-02
433           	3.048394e-01	1.452872e+00	5.520849e-01	5.808819e-01	-2.879700e-02
434           	3.048399e-01	1.452877e+00	5.520874e-01	5.808836e-01	-2.879622e-02
435           	3.048411e-01	1.452859e+00	5.520783e-01	5.808802e-01	-2.880188e-02
436           	3.048389e-01	1.452868e+00	5.520863e-01	5.808821e-01	-2.879581e-02
437           	3.048383e-01	1.452865e+00	5.520791e-01	5.808778e-01	-2.879872e-02
438           	3.048411e-01	1.452866e+00	5.520910e-01	5.808866e-01	-2.879560e-02
439           	3.048426e-01	1.452867e+00	5.520919e-01	5.808886e-01	-2.879671e-02
440           	3.048366e-01	1.452862e+00	5.520822e-01	5.808777e-01	-2.879553e-02
441           	3.048353e-01	1.452853e+00	5.520743e-01	5.808724e-01	-2.879810e-02
442           	3.048372e-01	1.452866e+00	5.520820e-01	5.808782e-01	-2.879614e-02
443           	3.048344e-01	1.452857e+00	5.520716e-01	5.808702e-01	-2.879855e-02
444           	3.048342e-01	1.452855e+00	5.520755e-01	5.808720e-01	-2.879648e-02
445           	3.048325e-01	1.452856e+00	5.520723e-01	5.808687e-01	-2.879636e-02
446           	3.048345e-01	1.452860e+00	5.520789e-01	5.808740e-01	-2.879509e-02
447           	3.048357e-01	1.452856e+00	5.520791e-01	5.808752e-01	-2.879610e-02
448           	3.048347e-01	1.452865e+00	5.520801e-01	5.808747e-01	-2.879464e-02
449           	3.048272e-01	1.452867e+00	5.520652e-01	5.808598e-01	-2.879460e-02
450           	3.048323e-01	1.452866e+00	5.520756e-01	5.808701e-01	-2.879449e-02
451           	3.048316e-01	1.452872e+00	5.520753e-01	5.808693e-01	-2.879402e-02
452           	3.048308e-01	1.452872e+00	5.520767e-01	5.808692e-01	-2.879248e-02
453           	3.048340e-01	1.452867e+00	5.520785e-01	5.808732e-01	-2.879473e-02
454           	3.048354e-01	1.452878e+00	5.520904e-01	5.808806e-01	-2.879021e-02
455           	3.048350e-01	1.452874e+00	5.520837e-01	5.808768e-01	-2.879311e-02
456           	3.048367e-01	1.452871e+00	5.520910e-01	5.808822e-01	-2.879121e-02
457           	3.048383e-01	1.452875e+00	5.520915e-01	5.808840e-01	-2.879254e-02
458           	3.048385e-01	1.452865e+00	5.520887e-01	5.808829e-01	-2.879421e-02
459           	3.048366e-01	1.452867e+00	5.520820e-01	5.808776e-01	-2.879560e-02
460           	3.048371e-01	1.452874e+00	5.520863e-01	5.808803e-01	-2.879399e-02
461           	3.048363e-01	1.452865e+00	5.520772e-01	5.808749e-01	-2.879774e-02
462           	3.048396e-01	1.452866e+00	5.520859e-01	5.808826e-01	-2.879670e-02
463           	3.048386e-01	1.452873e+00	5.520815e-01	5.808793e-01	-2.879788e-02
464           	3.048361e-01	1.452869e+00	5.520800e-01	5.808761e-01	-2.879610e-02
465           	3.048366e-01	1.452864e+00	5.520735e-01	5.808734e-01	-2.879989e-02
466           	3.048384e-01	1.452874e+00	5.520857e-01	5.808813e-01	-2.879558e-02
467           	3.048364e-01	1.452873e+00	5.520785e-01	5.808757e-01	-2.879720e-02
468           	3.048382e-01	1.452869e+00	5.520842e-01	5.808803e-01	-2.879615e-02
469           	3.048370e-01	1.452877e+00	5.520821e-01	5.808781e-01	-2.879595e-02
470           	3.048371e-01	1.452870e+00	5.520855e-01	5.808799e-01	-2.879433e-02
471           	3.048401e-01	1.452867e+00	5.520820e-01	5.808811e-01	-2.879906e-02
472           	3.048372e-01	1.452874e+00	5.520849e-01	5.808796e-01	-2.879473e-02
473           	3.048364e-01	1.452860e+00	5.520774e-01	5.808751e-01	-2.879767e-02
474           	3.048393e-01	1.452866e+00	5.520887e-01	5.808836e-01	-2.879494e-02
475           	3.048379e-01	1.452869e+00	5.520833e-01	5.808796e-01	-2.879627e-02
476           	3.048375e-01	1.452858e+00	5.520853e-01	5.808802e-01	-2.879486e-02
477           	3.048393e-01	1.452855e+00	5.520777e-01	5.808782e-01	-2.880048e-02
478           	3.048329e-01	1.452866e+00	5.520748e-01	5.808703e-01	-2.879548e-02
479           	3.048326e-01	1.452860e+00	5.520712e-01	5.808682e-01	-2.879698e-02
480           	3.048346e-01	1.452865e+00	5.520799e-01	5.808746e-01	-2.879468e-02
481           	3.048337e-01	1.452857e+00	5.520712e-01	5.808693e-01	-2.879806e-02
482           	3.048381e-01	1.452862e+00	5.520844e-01	5.808803e-01	-2.879584e-02
483           	3.048362e-01	1.452863e+00	5.520794e-01	5.808759e-01	-2.879651e-02
484           	3.048365e-01	1.452863e+00	5.520868e-01	5.808799e-01	-2.879311e-02
485           	3.048366e-01	1.452862e+00	5.520819e-01	5.808776e-01	-2.879562e-02
486           	3.048361e-01	1.452871e+00	5.520855e-01	5.808788e-01	-2.879330e-02
487           	3.048354e-01	1.452860e+00	5.520734e-01	5.808722e-01	-2.879873e-02
488           	3.048327e-01	1.452863e+00	5.520753e-01	5.808704e-01	-2.879506e-02
489           	3.048328e-01	1.452867e+00	5.520711e-01	5.808683e-01	-2.879723e-02
490           	3.048320e-01	1.452870e+00	5.520753e-01	5.808697e-01	-2.879437e-02
491           	3.048345e-01	1.452861e+00	5.520768e-01	5.808729e-01	-2.879610e-02
492           	3.048350e-01	1.452867e+00	5.520835e-01	5.808767e-01	-2.879322e-02
493           	3.048308e-01	1.452868e+00	5.520754e-01	5.808685e-01	-2.879315e-02
494           	3.048345e-01	1.452868e+00	5.520851e-01	5.808770e-01	-2.879194e-02
495           	3.048342e-01	1.452865e+00	5.520812e-01	5.808748e-01	-2.879365e-02
496           	3.048332e-01	1.452860e+00	5.520824e-01	5.808744e-01	-2.879198e-02
497           	3.048326e-01	1.452856e+00	5.520730e-01	5.808690e-01	-2.879608e-02
498           	3.048319e-01	1.452864e+00	5.520799e-01	5.808718e-01	-2.879196e-02
499           	3.048336e-01	1.452862e+00	5.520781e-01	5.808727e-01	-2.879458e-02
500           	3.048331e-01	1.452869e+00	5.520813e-01	5.808738e-01	-2.879247e-02
501           	3.048314e-01	1.452867e+00	5.520718e-01	5.808673e-01	-2.879552e-02
502           	3.048345e-01	1.452866e+00	5.520790e-01	5.808740e-01	-2.879497e-02
503           	3.048331e-01	1.452865e+00	5.520731e-01	5.808697e-01	-2.879655e-02
504           	3.048360e-01	1.452870e+00	5.520849e-01	5.808784e-01	-2.879351e-02
505           	3.048354e-01	1.452865e+00	5.520775e-01	5.808741e-01	-2.879668e-02
506           	3.048346e-01	1.452868e+00	5.520829e-01	5.808760e-01	-2.879314e-02
507           	3.048355e-01	1.452862e+00	5.520763e-01	5.808736e-01	-2.879734e-02
508           	3.048323e-01	1.452874e+00	5.520811e-01	5.808729e-01	-2.879177e-02
509           	3.048342e-01	1.452866e+00	5.520781e-01	5.808732e-01	-2.879510e-02
510           	3.048370e-01	1.452868e+00	5.520866e-01	5.808803e-01	-2.879369e-02
511           	3.048384e-01	1.452868e+00	5.520842e-01	5.808804e-01	-2.879626e-02
512           	3.048391e-01	1.452876e+00	5.520912e-01	5.808847e-01	-2.879352e-02
513           	3.048370e-01	1.452870e+00	5.520806e-01	5.808774e-01	-2.879672e-02
514           	3.048400e-01	1.452874e+00	5.520913e-01	5.808857e-01	-2.879436e-02
515           	3.048411e-01	1.452876e+00	5.520885e-01	5.808853e-01	-2.879685e-02
516           	3.048390e-01	1.452873e+00	5.520893e-01	5.808837e-01	-2.879438e-02
517           	3.048384e-01	1.452862e+00	5.520817e-01	5.808792e-01	-2.879754e-02
518           	3.048414e-01	1.452875e+00	5.520973e-01	5.808900e-01	-2.879270e-02
519           	3.048415e-01	1.452867e+00	5.520887e-01	5.808859e-01	-2.879720e-02
520           	3.048397e-01	1.452864e+00	5.520915e-01	5.808854e-01	-2.879399e-02
521           	3.048423e-01	1.452863e+00	5.520951e-01	5.808899e-01	-2.879477e-02
522           	3.048411e-01	1.452868e+00	5.520960e-01	5.808891e-01	-2.879305e-02
523           	3.048417e-01	1.452863e+00	5.520929e-01	5.808882e-01	-2.879529e-02
524           	3.048423e-01	1.452866e+00	5.520932e-01	5.808889e-01	-2.879569e-02
525           	3.048386e-01	1.452859e+00	5.520795e-01	5.808784e-01	-2.879888e-02
526           	3.048380e-01	1.452866e+00	5.520830e-01	5.808796e-01	-2.879652e-02
527           	3.048380e-01	1.452865e+00	5.520806e-01	5.808783e-01	-2.879767e-02
528           	3.048398e-01	1.452856e+00	5.520837e-01	5.808817e-01	-2.879795e-02
529           	3.048401e-01	1.452857e+00	5.520843e-01	5.808823e-01	-2.879801e-02
530           	3.048402e-01	1.452873e+00	5.520996e-01	5.808900e-01	-2.879037e-02
531           	3.048414e-01	1.452862e+00	5.520929e-01	5.808879e-01	-2.879495e-02
532           	3.048407e-01	1.452859e+00	5.520953e-01	5.808884e-01	-2.879301e-02
533           	3.048381e-01	1.452861e+00	5.520823e-01	5.808793e-01	-2.879696e-02
534           	3.048370e-01	1.452870e+00	5.520865e-01	5.808803e-01	-2.879378e-02
535           	3.048375e-01	1.452860e+00	5.520801e-01	5.808775e-01	-2.879742e-02
536           	3.048374e-01	1.452866e+00	5.520842e-01	5.808795e-01	-2.879534e-02
537           	3.048357e-01	1.452860e+00	5.520730e-01	5.808723e-01	-2.879924e-02
538           	3.048349e-01	1.452866e+00	5.520803e-01	5.808750e-01	-2.879474e-02
539           	3.048372e-01	1.452866e+00	5.520855e-01	5.808800e-01	-2.879447e-02
540           	3.048351e-01	1.452863e+00	5.520823e-01	5.808762e-01	-2.879393e-02
541           	3.048342e-01	1.452860e+00	5.520762e-01	5.808723e-01	-2.879612e-02
542           	3.048371e-01	1.452865e+00	5.520855e-01	5.808799e-01	-2.879439e-02
543           	3.048352e-01	1.452855e+00	5.520774e-01	5.808739e-01	-2.879648e-02
544           	3.048348e-01	1.452858e+00	5.520817e-01	5.808757e-01	-2.879399e-02
545           	3.048347e-01	1.452857e+00	5.520749e-01	5.808722e-01	-2.879724e-02
546           	3.048346e-01	1.452866e+00	5.520808e-01	5.808750e-01	-2.879420e-02
547           	3.048350e-01	1.452863e+00	5.520770e-01	5.808735e-01	-2.879653e-02
548           	3.048343e-01	1.452866e+00	5.520805e-01	5.808745e-01	-2.879404e-02
549           	3.048339e-01	1.452869e+00	5.520775e-01	5.808727e-01	-2.879519e-02
550           	3.048359e-01	1.452861e+00	5.520826e-01	5.808772e-01	-2.879460e-02
551           	3.048358e-01	1.452857e+00	5.520802e-01	5.808759e-01	-2.879569e-02
552           	3.048362e-01	1.452856e+00	5.520864e-01	5.808793e-01	-2.879297e-02
553           	3.048357e-01	1.452853e+00	5.520828e-01	5.808771e-01	-2.879428e-02
554           	3.048387e-01	1.452859e+00	5.520901e-01	5.808838e-01	-2.879367e-02
555           	3.048396e-01	1.452857e+00	5.520873e-01	5.808832e-01	-2.879595e-02
556           	3.048363e-01	1.452860e+00	5.520839e-01	5.808782e-01	-2.879432e-02
557           	3.048348e-01	1.452863e+00	5.520777e-01	5.808736e-01	-2.879594e-02
558           	3.048343e-01	1.452865e+00	5.520777e-01	5.808732e-01	-2.879548e-02
559           	3.048322e-01	1.452860e+00	5.520729e-01	5.808687e-01	-2.879580e-02
560           	3.048331e-01	1.452861e+00	5.520793e-01	5.808728e-01	-2.879344e-02
561           	3.048347e-01	1.452854e+00	5.520788e-01	5.808741e-01	-2.879531e-02
562           	3.048348e-01	1.452858e+00	5.520863e-01	5.808779e-01	-2.879162e-02
563           	3.048362e-01	1.452849e+00	5.520820e-01	5.808772e-01	-2.879522e-02
564           	3.048322e-01	1.452853e+00	5.520848e-01	5.808746e-01	-2.878980e-02
565           	3.048333e-01	1.452850e+00	5.520793e-01	5.808729e-01	-2.879367e-02
566           	3.048359e-01	1.452852e+00	5.520850e-01	5.808784e-01	-2.879345e-02
567           	3.048346e-01	1.452853e+00	5.520792e-01	5.808742e-01	-2.879502e-02
568           	3.048357e-01	1.452857e+00	5.520829e-01	5.808771e-01	-2.879425e-02
569           	3.048355e-01	1.452853e+00	5.520777e-01	5.808743e-01	-2.879667e-02
570           	3.048348e-01	1.452860e+00	5.520832e-01	5.808764e-01	-2.879322e-02
571           	3.048339e-01	1.452859e+00	5.520746e-01	5.808712e-01	-2.879661e-02
572           	3.048321e-01	1.452859e+00	5.520780e-01	5.808711e-01	-2.879307e-02
573           	3.048310e-01	1.452855e+00	5.520714e-01	5.808667e-01	-2.879533e-02
574           	3.048338e-01	1.452860e+00	5.520839e-01	5.808757e-01	-2.879183e-02
575           	3.048334e-01	1.452862e+00	5.520840e-01	5.808754e-01	-2.879140e-02
576           	3.048346e-01	1.452868e+00	5.520921e-01	5.808806e-01	-2.878854e-02
577           	3.048328e-01	1.452862e+00	5.520839e-01	5.808747e-01	-2.879088e-02
578           	3.048372e-01	1.452864e+00	5.520964e-01	5.808854e-01	-2.878901e-02
579           	3.048379e-01	1.452872e+00	5.520929e-01	5.808843e-01	-2.879146e-02
580           	3.048360e-01	1.452869e+00	5.520877e-01	5.808798e-01	-2.879215e-02
581           	3.048374e-01	1.452858e+00	5.520821e-01	5.808785e-01	-2.879640e-02
582           	3.048392e-01	1.452871e+00	5.520912e-01	5.808848e-01	-2.879355e-02
583           	3.048372e-01	1.452867e+00	5.520795e-01	5.808769e-01	-2.879741e-02
584           	3.048362e-01	1.452869e+00	5.520856e-01	5.808791e-01	-2.879342e-02
585           	3.048348e-01	1.452874e+00	5.520757e-01	5.808727e-01	-2.879698e-02
586           	3.048361e-01	1.452878e+00	5.520827e-01	5.808775e-01	-2.879478e-02
587           	3.048371e-01	1.452874e+00	5.520777e-01	5.808759e-01	-2.879823e-02
588           	3.048375e-01	1.452875e+00	5.520802e-01	5.808776e-01	-2.879734e-02
589           	3.048383e-01	1.452874e+00	5.520764e-01	5.808765e-01	-2.880006e-02
590           	3.048345e-01	1.452875e+00	5.520767e-01	5.808729e-01	-2.879613e-02
591           	3.048353e-01	1.452870e+00	5.520751e-01	5.808729e-01	-2.879779e-02
592           	3.048371e-01	1.452872e+00	5.520792e-01	5.808767e-01	-2.879757e-02
593           	3.048374e-01	1.452869e+00	5.520719e-01	5.808733e-01	-2.880142e-02
594           	3.048334e-01	1.452876e+00	5.520713e-01	5.808690e-01	-2.879771e-02
595           	3.048343e-01	1.452868e+00	5.520661e-01	5.808674e-01	-2.880130e-02
596           	3.048359e-01	1.452874e+00	5.520767e-01	5.808742e-01	-2.879750e-02
597           	3.048351e-01	1.452869e+00	5.520699e-01	5.808701e-01	-2.880017e-02
598           	3.048377e-01	1.452870e+00	5.520809e-01	5.808781e-01	-2.879728e-02
599           	3.048378e-01	1.452868e+00	5.520798e-01	5.808777e-01	-2.879795e-02
600           	3.048386e-01	1.452866e+00	5.520852e-01	5.808812e-01	-2.879599e-02
601           	3.048358e-01	1.452869e+00	5.520769e-01	5.808742e-01	-2.879737e-02
602           	3.048379e-01	1.452868e+00	5.520852e-01	5.808805e-01	-2.879527e-02
603           	3.048373e-01	1.452856e+00	5.520745e-01	5.808746e-01	-2.880007e-02
604           	3.048386e-01	1.452860e+00	5.520798e-01	5.808785e-01	-2.879874e-02
605           	3.048364e-01	1.452859e+00	5.520712e-01	5.808720e-01	-2.880083e-02
606           	3.048373e-01	1.452866e+00	5.520793e-01	5.808769e-01	-2.879761e-02
607           	3.048392e-01	1.452864e+00	5.520808e-01	5.808796e-01	-2.879878e-02
608           	3.048380e-01	1.452864e+00	5.520853e-01	5.808806e-01	-2.879531e-02
609           	3.048326e-01	1.452865e+00	5.520711e-01	5.808681e-01	-2.879701e-02
610           	3.048365e-01	1.452866e+00	5.520850e-01	5.808789e-01	-2.879396e-02
611           	3.048368e-01	1.452871e+00	5.520876e-01	5.808806e-01	-2.879303e-02
612           	3.048351e-01	1.452870e+00	5.520861e-01	5.808781e-01	-2.879203e-02
613           	3.048367e-01	1.452861e+00	5.520804e-01	5.808769e-01	-2.879651e-02
614           	3.048380e-01	1.452875e+00	5.520886e-01	5.808823e-01	-2.879369e-02
615           	3.048363e-01	1.452866e+00	5.520753e-01	5.808740e-01	-2.879865e-02
616           	3.048342e-01	1.452865e+00	5.520768e-01	5.808725e-01	-2.879577e-02
617           	3.048361e-01	1.452866e+00	5.520749e-01	5.808736e-01	-2.879869e-02
618           	3.048356e-01	1.452869e+00	5.520806e-01	5.808759e-01	-2.879530e-02
619           	3.048356e-01	1.452866e+00	5.520779e-01	5.808745e-01	-2.879665e-02
620           	3.048360e-01	1.452864e+00	5.520862e-01	5.808791e-01	-2.879293e-02
621           	3.048334e-01	1.452856e+00	5.520739e-01	5.808703e-01	-2.879646e-02
622           	3.048354e-01	1.452864e+00	5.520845e-01	5.808776e-01	-2.879315e-02
623           	3.048355e-01	1.452862e+00	5.520771e-01	5.808740e-01	-2.879695e-02
624           	3.048357e-01	1.452865e+00	5.520788e-01	5.808751e-01	-2.879629e-02
625           	3.048366e-01	1.452859e+00	5.520728e-01	5.808730e-01	-2.880019e-02
626           	3.048344e-01	1.452868e+00	5.520740e-01	5.808714e-01	-2.879743e-02
627           	3.048346e-01	1.452866e+00	5.520689e-01	5.808690e-01	-2.880015e-02
628           	3.048372e-01	1.452861e+00	5.520801e-01	5.808773e-01	-2.879713e-02
629           	3.048361e-01	1.452856e+00	5.520689e-01	5.808705e-01	-2.880165e-02
630           	3.048339e-01	1.452868e+00	5.520765e-01	5.808721e-01	-2.879558e-02
631           	3.048355e-01	1.452864e+00	5.520771e-01	5.808740e-01	-2.879692e-02
632           	3.048374e-01	1.452868e+00	5.520866e-01	5.808807e-01	-2.879412e-02
633           	3.048380e-01	1.452860e+00	5.520820e-01	5.808790e-01	-2.879704e-02
634           	3.048371e-01	1.452859e+00	5.520854e-01	5.808798e-01	-2.879441e-02
635           	3.048337e-01	1.452859e+00	5.520763e-01	5.808718e-01	-2.879553e-02
636           	3.048362e-01	1.452861e+00	5.520852e-01	5.808788e-01	-2.879360e-02
637           	3.048356e-01	1.452854e+00	5.520761e-01	5.808736e-01	-2.879749e-02
638           	3.048370e-01	1.452857e+00	5.520833e-01	5.808787e-01	-2.879539e-02
639           	3.048371e-01	1.452851e+00	5.520765e-01	5.808753e-01	-2.879880e-02
640           	3.048363e-01	1.452851e+00	5.520783e-01	5.808754e-01	-2.879716e-02
641           	3.048328e-01	1.452851e+00	5.520681e-01	5.808668e-01	-2.879875e-02
642           	3.048333e-01	1.452858e+00	5.520768e-01	5.808717e-01	-2.879493e-02
643           	3.048347e-01	1.452853e+00	5.520738e-01	5.808716e-01	-2.879779e-02
644           	3.048343e-01	1.452858e+00	5.520765e-01	5.808725e-01	-2.879605e-02
645           	3.048321e-01	1.452855e+00	5.520682e-01	5.808661e-01	-2.879799e-02
646           	3.048357e-01	1.452864e+00	5.520762e-01	5.808737e-01	-2.879758e-02
647           	3.048328e-01	1.452859e+00	5.520693e-01	5.808674e-01	-2.879815e-02
648           	3.048343e-01	1.452862e+00	5.520762e-01	5.808724e-01	-2.879613e-02
649           	3.048336e-01	1.452865e+00	5.520722e-01	5.808697e-01	-2.879747e-02
650           	3.048345e-01	1.452869e+00	5.520792e-01	5.808741e-01	-2.879490e-02
651           	3.048350e-01	1.452862e+00	5.520761e-01	5.808730e-01	-2.879697e-02
652           	3.048356e-01	1.452865e+00	5.520820e-01	5.808766e-01	-2.879455e-02
653           	3.048366e-01	1.452863e+00	5.520781e-01	5.808757e-01	-2.879755e-02
654           	3.048349e-01	1.452868e+00	5.520826e-01	5.808761e-01	-2.879357e-02
655           	3.048381e-01	1.452863e+00	5.520847e-01	5.808804e-01	-2.879575e-02
656           	3.048385e-01	1.452870e+00	5.520904e-01	5.808837e-01	-2.879328e-02
657           	3.048350e-01	1.452867e+00	5.520781e-01	5.808740e-01	-2.879596e-02
658           	3.048379e-01	1.452870e+00	5.520868e-01	5.808813e-01	-2.879445e-02
659           	3.048380e-01	1.452875e+00	5.520860e-01	5.808811e-01	-2.879501e-02
660           	3.048341e-01	1.452868e+00	5.520787e-01	5.808734e-01	-2.879475e-02
661           	3.048380e-01	1.452857e+00	5.520734e-01	5.808747e-01	-2.880128e-02
662           	3.048366e-01	1.452873e+00	5.520836e-01	5.808784e-01	-2.879484e-02
663           	3.048362e-01	1.452869e+00	5.520788e-01	5.808755e-01	-2.879676e-02
664           	3.048362e-01	1.452870e+00	5.520829e-01	5.808777e-01	-2.879474e-02
665           	3.048340e-01	1.452871e+00	5.520757e-01	5.808718e-01	-2.879613e-02
666           	3.048372e-01	1.452870e+00	5.520816e-01	5.808780e-01	-2.879633e-02
667           	3.048368e-01	1.452875e+00	5.520816e-01	5.808775e-01	-2.879599e-02
668           	3.048369e-01	1.452879e+00	5.520874e-01	5.808806e-01	-2.879319e-02
669           	3.048369e-01	1.452876e+00	5.520813e-01	5.808775e-01	-2.879622e-02
670           	3.048372e-01	1.452875e+00	5.520832e-01	5.808789e-01	-2.879562e-02
671           	3.048351e-01	1.452875e+00	5.520787e-01	5.808745e-01	-2.879578e-02
672           	3.048373e-01	1.452875e+00	5.520837e-01	5.808791e-01	-2.879543e-02
673           	3.048355e-01	1.452873e+00	5.520739e-01	5.808725e-01	-2.879857e-02
674           	3.048365e-01	1.452869e+00	5.520801e-01	5.808765e-01	-2.879639e-02
675           	3.048360e-01	1.452872e+00	5.520761e-01	5.808740e-01	-2.879795e-02
676           	3.048381e-01	1.452865e+00	5.520837e-01	5.808799e-01	-2.879628e-02
677           	3.048346e-01	1.452859e+00	5.520712e-01	5.808702e-01	-2.879904e-02
678           	3.048349e-01	1.452867e+00	5.520788e-01	5.808743e-01	-2.879548e-02
679           	3.048356e-01	1.452868e+00	5.520769e-01	5.808741e-01	-2.879720e-02
680           	3.048377e-01	1.452866e+00	5.520835e-01	5.808795e-01	-2.879600e-02
681           	3.048376e-01	1.452867e+00	5.520800e-01	5.808776e-01	-2.879762e-02
682           	3.048368e-01	1.452877e+00	5.520832e-01	5.808784e-01	-2.879518e-02
683           	3.048349e-01	1.452872e+00	5.520713e-01	5.808705e-01	-2.879924e-02
684           	3.048385e-01	1.452871e+00	5.520839e-01	5.808805e-01	-2.879657e-02
685           	3.048402e-01	1.452873e+00	5.520851e-01	5.808827e-01	-2.879762e-02
686           	3.048386e-01	1.452867e+00	5.520855e-01	5.808813e-01	-2.879586e-02
687           	3.048387e-01	1.452858e+00	5.520786e-01	5.808780e-01	-2.879943e-02
688           	3.048410e-01	1.452865e+00	5.520930e-01	5.808875e-01	-2.879455e-02
689           	3.048381e-01	1.452858e+00	5.520789e-01	5.808776e-01	-2.879862e-02
690           	3.048383e-01	1.452863e+00	5.520842e-01	5.808804e-01	-2.879622e-02
691           	3.048398e-01	1.452867e+00	5.520826e-01	5.808811e-01	-2.879857e-02
692           	3.048380e-01	1.452860e+00	5.520807e-01	5.808783e-01	-2.879761e-02
693           	3.048386e-01	1.452861e+00	5.520782e-01	5.808777e-01	-2.879945e-02
694           	3.048397e-01	1.452875e+00	5.520883e-01	5.808838e-01	-2.879552e-02
695           	3.048380e-01	1.452872e+00	5.520829e-01	5.808795e-01	-2.879659e-02
696           	3.048399e-01	1.452866e+00	5.520849e-01	5.808824e-01	-2.879748e-02
697           	3.048344e-01	1.452874e+00	5.520788e-01	5.808738e-01	-2.879500e-02
698           	3.048372e-01	1.452873e+00	5.520875e-01	5.808810e-01	-2.879344e-02
699           	3.048399e-01	1.452872e+00	5.520893e-01	5.808845e-01	-2.879526e-02
700           	3.048393e-01	1.452876e+00	5.520955e-01	5.808871e-01	-2.879154e-02
701           	3.048361e-01	1.452868e+00	5.520791e-01	5.808757e-01	-2.879659e-02
702           	3.048364e-01	1.452867e+00	5.520867e-01	5.808797e-01	-2.879304e-02
703           	3.048377e-01	1.452869e+00	5.520852e-01	5.808802e-01	-2.879508e-02
704           	3.048368e-01	1.452869e+00	5.520882e-01	5.808809e-01	-2.879266e-02
705           	3.048381e-01	1.452867e+00	5.520851e-01	5.808807e-01	-2.879559e-02
706           	3.048420e-01	1.452871e+00	5.520982e-01	5.808910e-01	-2.879288e-02
707           	3.048383e-01	1.452867e+00	5.520879e-01	5.808823e-01	-2.879433e-02
708           	3.048412e-01	1.452863e+00	5.520966e-01	5.808895e-01	-2.879293e-02
709           	3.048394e-01	1.452863e+00	5.520886e-01	5.808837e-01	-2.879509e-02
710           	3.048393e-01	1.452863e+00	5.520929e-01	5.808857e-01	-2.879279e-02
711           	3.048391e-01	1.452856e+00	5.520845e-01	5.808814e-01	-2.879686e-02
712           	3.048367e-01	1.452859e+00	5.520854e-01	5.808794e-01	-2.879403e-02
713           	3.048356e-01	1.452853e+00	5.520720e-01	5.808716e-01	-2.879956e-02
714           	3.048389e-01	1.452853e+00	5.520827e-01	5.808802e-01	-2.879756e-02
715           	3.048395e-01	1.452850e+00	5.520803e-01	5.808796e-01	-2.879933e-02
716           	3.048372e-01	1.452866e+00	5.520850e-01	5.808797e-01	-2.879472e-02
717           	3.048355e-01	1.452863e+00	5.520741e-01	5.808725e-01	-2.879845e-02
718           	3.048383e-01	1.452858e+00	5.520835e-01	5.808800e-01	-2.879653e-02
719           	3.048331e-01	1.452867e+00	5.520775e-01	5.808718e-01	-2.879432e-02
720           	3.048335e-01	1.452865e+00	5.520823e-01	5.808746e-01	-2.879230e-02
721           	3.048353e-01	1.452851e+00	5.520762e-01	5.808734e-01	-2.879717e-02
722           	3.048366e-01	1.452866e+00	5.520911e-01	5.808821e-01	-2.879109e-02
723           	3.048383e-01	1.452860e+00	5.520878e-01	5.808822e-01	-2.879437e-02
724           	3.048395e-01	1.452857e+00	5.520958e-01	5.808875e-01	-2.879162e-02
725           	3.048386e-01	1.452860e+00	5.520903e-01	5.808837e-01	-2.879342e-02
726           	3.048388e-01	1.452862e+00	5.520920e-01	5.808848e-01	-2.879279e-02
727           	3.048385e-01	1.452856e+00	5.520833e-01	5.808801e-01	-2.879684e-02
728           	3.048378e-01	1.452866e+00	5.520901e-01	5.808828e-01	-2.879274e-02
729           	3.048370e-01	1.452856e+00	5.520763e-01	5.808751e-01	-2.879884e-02
730           	3.048367e-01	1.452861e+00	5.520864e-01	5.808799e-01	-2.879351e-02
731           	3.048379e-01	1.452867e+00	5.520891e-01	5.808825e-01	-2.879338e-02
732           	3.048354e-01	1.452866e+00	5.520885e-01	5.808797e-01	-2.879120e-02
733           	3.048346e-01	1.452855e+00	5.520795e-01	5.808744e-01	-2.879489e-02
734           	3.048384e-01	1.452866e+00	5.520898e-01	5.808833e-01	-2.879349e-02
735           	3.048339e-01	1.452867e+00	5.520796e-01	5.808737e-01	-2.879414e-02
736           	3.048375e-01	1.452859e+00	5.520899e-01	5.808825e-01	-2.879254e-02
737           	3.048379e-01	1.452859e+00	5.520855e-01	5.808806e-01	-2.879517e-02
738           	3.048380e-01	1.452862e+00	5.520895e-01	5.808827e-01	-2.879326e-02
739           	3.048389e-01	1.452855e+00	5.520844e-01	5.808812e-01	-2.879672e-02
740           	3.048365e-01	1.452860e+00	5.520855e-01	5.808793e-01	-2.879372e-02
741           	3.048337e-01	1.452859e+00	5.520755e-01	5.808714e-01	-2.879592e-02
742           	3.048324e-01	1.452872e+00	5.520817e-01	5.808732e-01	-2.879154e-02
743           	3.048334e-01	1.452861e+00	5.520729e-01	5.808699e-01	-2.879697e-02
744           	3.048346e-01	1.452863e+00	5.520802e-01	5.808747e-01	-2.879446e-02
745           	3.048313e-01	1.452858e+00	5.520730e-01	5.808678e-01	-2.879482e-02
746           	3.048344e-01	1.452859e+00	5.520842e-01	5.808765e-01	-2.879233e-02
747           	3.048358e-01	1.452861e+00	5.520841e-01	5.808779e-01	-2.879374e-02
748           	3.048363e-01	1.452864e+00	5.520896e-01	5.808811e-01	-2.879150e-02
749           	3.048360e-01	1.452862e+00	5.520842e-01	5.808781e-01	-2.879397e-02
750           	3.048342e-01	1.452864e+00	5.520861e-01	5.808773e-01	-2.879115e-02
751           	3.048353e-01	1.452849e+00	5.520782e-01	5.808744e-01	-2.879616e-02
752           	3.048372e-01	1.452859e+00	5.520857e-01	5.808800e-01	-2.879433e-02
753           	3.048378e-01	1.452855e+00	5.520816e-01	5.808786e-01	-2.879696e-02
754           	3.048371e-01	1.452863e+00	5.520864e-01	5.808803e-01	-2.879389e-02
755           	3.048365e-01	1.452860e+00	5.520810e-01	5.808770e-01	-2.879598e-02
756           	3.048361e-01	1.452860e+00	5.520810e-01	5.808766e-01	-2.879559e-02
757           	3.048325e-01	1.452863e+00	5.520744e-01	5.808697e-01	-2.879531e-02
758           	3.048350e-01	1.452863e+00	5.520860e-01	5.808780e-01	-2.879205e-02
759           	3.048356e-01	1.452862e+00	5.520837e-01	5.808775e-01	-2.879382e-02
760           	3.048358e-01	1.452861e+00	5.520849e-01	5.808783e-01	-2.879334e-02
761           	3.048319e-01	1.452858e+00	5.520756e-01	5.808697e-01	-2.879409e-02
762           	3.048342e-01	1.452867e+00	5.520841e-01	5.808763e-01	-2.879217e-02
763           	3.048363e-01	1.452862e+00	5.520804e-01	5.808765e-01	-2.879603e-02
764           	3.048358e-01	1.452868e+00	5.520848e-01	5.808782e-01	-2.879335e-02
765           	3.048342e-01	1.452866e+00	5.520749e-01	5.808716e-01	-2.879674e-02
766           	3.048381e-01	1.452862e+00	5.520874e-01	5.808819e-01	-2.879443e-02
767           	3.048357e-01	1.452862e+00	5.520806e-01	5.808760e-01	-2.879541e-02
768           	3.048348e-01	1.452865e+00	5.520868e-01	5.808782e-01	-2.879134e-02
769           	3.048366e-01	1.452858e+00	5.520834e-01	5.808783e-01	-2.879490e-02
770           	3.048388e-01	1.452860e+00	5.520913e-01	5.808844e-01	-2.879310e-02
771           	3.048354e-01	1.452862e+00	5.520831e-01	5.808769e-01	-2.879381e-02
772           	3.048361e-01	1.452866e+00	5.520858e-01	5.808790e-01	-2.879325e-02
773           	3.048354e-01	1.452862e+00	5.520800e-01	5.808754e-01	-2.879545e-02
774           	3.048375e-01	1.452863e+00	5.520833e-01	5.808791e-01	-2.879584e-02
775           	3.048360e-01	1.452865e+00	5.520796e-01	5.808758e-01	-2.879617e-02
776           	3.048355e-01	1.452866e+00	5.520844e-01	5.808777e-01	-2.879332e-02
777           	3.048364e-01	1.452862e+00	5.520793e-01	5.808761e-01	-2.879677e-02
778           	3.048366e-01	1.452866e+00	5.520842e-01	5.808787e-01	-2.879447e-02
779           	3.048354e-01	1.452864e+00	5.520766e-01	5.808736e-01	-2.879709e-02
780           	3.048374e-01	1.452860e+00	5.520821e-01	5.808784e-01	-2.879629e-02
781           	3.048369e-01	1.452858e+00	5.520737e-01	5.808737e-01	-2.880001e-02
782           	3.048359e-01	1.452866e+00	5.520792e-01	5.808755e-01	-2.879624e-02
783           	3.048358e-01	1.452867e+00	5.520774e-01	5.808745e-01	-2.879708e-02
784           	3.048374e-01	1.452870e+00	5.520854e-01	5.808801e-01	-2.879471e-02
785           	3.048359e-01	1.452866e+00	5.520763e-01	5.808741e-01	-2.879776e-02
786           	3.048376e-01	1.452868e+00	5.520829e-01	5.808790e-01	-2.879612e-02
787           	3.048347e-01	1.452875e+00	5.520823e-01	5.808758e-01	-2.879359e-02
788           	3.048352e-01	1.452869e+00	5.520875e-01	5.808789e-01	-2.879144e-02
789           	3.048373e-01	1.452861e+00	5.520856e-01	5.808801e-01	-2.879450e-02
790           	3.048373e-01	1.452870e+00	5.520936e-01	5.808841e-01	-2.879050e-02
791           	3.048388e-01	1.452858e+00	5.520893e-01	5.808834e-01	-2.879411e-02
792           	3.048393e-01	1.452860e+00	5.520961e-01	5.808873e-01	-2.879123e-02
793           	3.048404e-01	1.452863e+00	5.520925e-01	5.808866e-01	-2.879416e-02
794           	3.048352e-01	1.452868e+00	5.520825e-01	5.808765e-01	-2.879397e-02
795           	3.048366e-01	1.452861e+00	5.520785e-01	5.808759e-01	-2.879739e-02
796           	3.048375e-01	1.452867e+00	5.520864e-01	5.808807e-01	-2.879430e-02
797           	3.048378e-01	1.452863e+00	5.520782e-01	5.808769e-01	-2.879872e-02
798           	3.048390e-01	1.452864e+00	5.520874e-01	5.808827e-01	-2.879525e-02
799           	3.048398e-01	1.452862e+00	5.520862e-01	5.808829e-01	-2.879667e-02
800           	3.048378e-01	1.452861e+00	5.520857e-01	5.808807e-01	-2.879493e-02
801           	3.048376e-01	1.452857e+00	5.520798e-01	5.808774e-01	-2.879769e-02
802           	3.048371e-01	1.452871e+00	5.520910e-01	5.808826e-01	-2.879158e-02
803           	3.048386e-01	1.452861e+00	5.520833e-01	5.808803e-01	-2.879699e-02
804           	3.048408e-01	1.452857e+00	5.520908e-01	5.808862e-01	-2.879540e-02
805           	3.048382e-01	1.452860e+00	5.520854e-01	5.808809e-01	-2.879552e-02
806           	3.048381e-01	1.452869e+00	5.520889e-01	5.808826e-01	-2.879363e-02
807           	3.048406e-01	1.452863e+00	5.520900e-01	5.808856e-01	-2.879561e-02
808           	3.048409e-01	1.452871e+00	5.520981e-01	5.808899e-01	-2.879181e-02
809           	3.048400e-01	1.452865e+00	5.520830e-01	5.808815e-01	-2.879855e-02
810           	3.048390e-01	1.452868e+00	5.520859e-01	5.808820e-01	-2.879604e-02
811           	3.048387e-01	1.452864e+00	5.520809e-01	5.808792e-01	-2.879829e-02
812           	3.048371e-01	1.452866e+00	5.520838e-01	5.808790e-01	-2.879524e-02
813           	3.048400e-01	1.452860e+00	5.520839e-01	5.808819e-01	-2.879804e-02
814           	3.048366e-01	1.452873e+00	5.520912e-01	5.808823e-01	-2.879103e-02
815           	3.048369e-01	1.452861e+00	5.520826e-01	5.808782e-01	-2.879560e-02
816           	3.048372e-01	1.452864e+00	5.520876e-01	5.808810e-01	-2.879337e-02
817           	3.048367e-01	1.452863e+00	5.520836e-01	5.808785e-01	-2.879491e-02
818           	3.048373e-01	1.452865e+00	5.520847e-01	5.808797e-01	-2.879491e-02
819           	3.048388e-01	1.452864e+00	5.520826e-01	5.808801e-01	-2.879751e-02
820           	3.048371e-01	1.452871e+00	5.520853e-01	5.808797e-01	-2.879441e-02
821           	3.048360e-01	1.452863e+00	5.520731e-01	5.808726e-01	-2.879949e-02
822           	3.048380e-01	1.452862e+00	5.520844e-01	5.808802e-01	-2.879581e-02
823           	3.048369e-01	1.452863e+00	5.520800e-01	5.808769e-01	-2.879694e-02
824           	3.048341e-01	1.452870e+00	5.520813e-01	5.808748e-01	-2.879348e-02
825           	3.048345e-01	1.452863e+00	5.520756e-01	5.808723e-01	-2.879676e-02
826           	3.048376e-01	1.452863e+00	5.520859e-01	5.808805e-01	-2.879462e-02
827           	3.048346e-01	1.452868e+00	5.520813e-01	5.808752e-01	-2.879400e-02
828           	3.048360e-01	1.452869e+00	5.520904e-01	5.808812e-01	-2.879082e-02
829           	3.048360e-01	1.452859e+00	5.520823e-01	5.808771e-01	-2.879480e-02
830           	3.048387e-01	1.452864e+00	5.520929e-01	5.808851e-01	-2.879222e-02
831           	3.048385e-01	1.452866e+00	5.520871e-01	5.808820e-01	-2.879490e-02
832           	3.048369e-01	1.452864e+00	5.520880e-01	5.808809e-01	-2.879294e-02
833           	3.048371e-01	1.452860e+00	5.520766e-01	5.808754e-01	-2.879876e-02
834           	3.048373e-01	1.452868e+00	5.520837e-01	5.808791e-01	-2.879542e-02
835           	3.048389e-01	1.452862e+00	5.520819e-01	5.808798e-01	-2.879794e-02
836           	3.048370e-01	1.452864e+00	5.520823e-01	5.808782e-01	-2.879588e-02
837           	3.048344e-01	1.452851e+00	5.520729e-01	5.808709e-01	-2.879800e-02
838           	3.048361e-01	1.452860e+00	5.520875e-01	5.808799e-01	-2.879240e-02
839           	3.048370e-01	1.452857e+00	5.520849e-01	5.808795e-01	-2.879456e-02
840           	3.048391e-01	1.452858e+00	5.520929e-01	5.808855e-01	-2.879264e-02
841           	3.048356e-01	1.452850e+00	5.520788e-01	5.808750e-01	-2.879619e-02
842           	3.048358e-01	1.452852e+00	5.520873e-01	5.808795e-01	-2.879218e-02
843           	3.048380e-01	1.452854e+00	5.520861e-01	5.808811e-01	-2.879497e-02
844           	3.048378e-01	1.452850e+00	5.520880e-01	5.808818e-01	-2.879374e-02
845           	3.048331e-01	1.452853e+00	5.520738e-01	5.808700e-01	-2.879616e-02
846           	3.048336e-01	1.452867e+00	5.520827e-01	5.808750e-01	-2.879226e-02
847           	3.048339e-01	1.452861e+00	5.520802e-01	5.808740e-01	-2.879383e-02
848           	3.048351e-01	1.452865e+00	5.520893e-01	5.808798e-01	-2.879046e-02
849           	3.048338e-01	1.452859e+00	5.520789e-01	5.808733e-01	-2.879439e-02
850           	3.048347e-01	1.452866e+00	5.520865e-01	5.808780e-01	-2.879146e-02
851           	3.048356e-01	1.452866e+00	5.520859e-01	5.808785e-01	-2.879261e-02
852           	3.048367e-01	1.452859e+00	5.520882e-01	5.808808e-01	-2.879262e-02
853           	3.048353e-01	1.452862e+00	5.520847e-01	5.808777e-01	-2.879296e-02
854           	3.048354e-01	1.452869e+00	5.520846e-01	5.808777e-01	-2.879308e-02
855           	3.048362e-01	1.452860e+00	5.520780e-01	5.808752e-01	-2.879717e-02
856           	3.048336e-01	1.452862e+00	5.520763e-01	5.808717e-01	-2.879543e-02
857           	3.048301e-01	1.452868e+00	5.520678e-01	5.808640e-01	-2.879621e-02
858           	3.048334e-01	1.452874e+00	5.520797e-01	5.808733e-01	-2.879355e-02
859           	3.048342e-01	1.452868e+00	5.520768e-01	5.808726e-01	-2.879581e-02
860           	3.048344e-01	1.452874e+00	5.520839e-01	5.808764e-01	-2.879245e-02
861           	3.048349e-01	1.452869e+00	5.520794e-01	5.808746e-01	-2.879524e-02
862           	3.048339e-01	1.452873e+00	5.520863e-01	5.808771e-01	-2.879080e-02
863           	3.048361e-01	1.452856e+00	5.520794e-01	5.808758e-01	-2.879636e-02
864           	3.048371e-01	1.452863e+00	5.520878e-01	5.808810e-01	-2.879321e-02
865           	3.048385e-01	1.452861e+00	5.520860e-01	5.808815e-01	-2.879549e-02
866           	3.048366e-01	1.452868e+00	5.520905e-01	5.808818e-01	-2.879133e-02
867           	3.048385e-01	1.452858e+00	5.520849e-01	5.808810e-01	-2.879604e-02
868           	3.048373e-01	1.452868e+00	5.520892e-01	5.808819e-01	-2.879269e-02
869           	3.048370e-01	1.452861e+00	5.520803e-01	5.808771e-01	-2.879685e-02
870           	3.048381e-01	1.452863e+00	5.520845e-01	5.808804e-01	-2.879586e-02
871           	3.048391e-01	1.452855e+00	5.520790e-01	5.808786e-01	-2.879957e-02
872           	3.048371e-01	1.452860e+00	5.520807e-01	5.808775e-01	-2.879671e-02
873           	3.048375e-01	1.452855e+00	5.520801e-01	5.808775e-01	-2.879740e-02
874           	3.048406e-01	1.452860e+00	5.520895e-01	5.808853e-01	-2.879584e-02
875           	3.048426e-01	1.452855e+00	5.520883e-01	5.808868e-01	-2.879845e-02
876           	3.048395e-01	1.452867e+00	5.520912e-01	5.808851e-01	-2.879395e-02
877           	3.048384e-01	1.452856e+00	5.520797e-01	5.808782e-01	-2.879851e-02
878           	3.048373e-01	1.452860e+00	5.520857e-01	5.808801e-01	-2.879442e-02
879           	3.048361e-01	1.452860e+00	5.520788e-01	5.808755e-01	-2.879668e-02
880           	3.048342e-01	1.452861e+00	5.520801e-01	5.808742e-01	-2.879413e-02
881           	3.048364e-01	1.452853e+00	5.520752e-01	5.808740e-01	-2.879880e-02
882           	3.048369e-01	1.452859e+00	5.520828e-01	5.808783e-01	-2.879549e-02
883           	3.048334e-01	1.452865e+00	5.520764e-01	5.808716e-01	-2.879524e-02
884           	3.048324e-01	1.452864e+00	5.520768e-01	5.808708e-01	-2.879402e-02
885           	3.048312e-01	1.452856e+00	5.520722e-01	5.808673e-01	-2.879513e-02
886           	3.048315e-01	1.452859e+00	5.520794e-01	5.808712e-01	-2.879183e-02
887           	3.048334e-01	1.452854e+00	5.520767e-01	5.808718e-01	-2.879507e-02
888           	3.048301e-01	1.452865e+00	5.520779e-01	5.808690e-01	-2.879116e-02
889           	3.048308e-01	1.452863e+00	5.520747e-01	5.808682e-01	-2.879345e-02
890           	3.048322e-01	1.452878e+00	5.520812e-01	5.808728e-01	-2.879154e-02
891           	3.048320e-01	1.452873e+00	5.520765e-01	5.808703e-01	-2.879376e-02
892           	3.048365e-01	1.452868e+00	5.520843e-01	5.808787e-01	-2.879435e-02
893           	3.048367e-01	1.452866e+00	5.520813e-01	5.808774e-01	-2.879603e-02
894           	3.048362e-01	1.452868e+00	5.520847e-01	5.808785e-01	-2.879381e-02
895           	3.048366e-01	1.452866e+00	5.520853e-01	5.808792e-01	-2.879400e-02
896           	3.048370e-01	1.452864e+00	5.520887e-01	5.808814e-01	-2.879269e-02
897           	3.048398e-01	1.452860e+00	5.520861e-01	5.808829e-01	-2.879679e-02
898           	3.048403e-01	1.452865e+00	5.520917e-01	5.808862e-01	-2.879449e-02
899           	3.048385e-01	1.452863e+00	5.520828e-01	5.808799e-01	-2.879712e-02
900           	3.048403e-01	1.452864e+00	5.520889e-01	5.808848e-01	-2.879588e-02
901           	3.048390e-01	1.452860e+00	5.520803e-01	5.808791e-01	-2.879882e-02
902           	3.048368e-01	1.452871e+00	5.520804e-01	5.808770e-01	-2.879654e-02
903           	3.048360e-01	1.452860e+00	5.520761e-01	5.808741e-01	-2.879800e-02
904           	3.048357e-01	1.452864e+00	5.520798e-01	5.808756e-01	-2.879579e-02
905           	3.048363e-01	1.452861e+00	5.520708e-01	5.808717e-01	-2.880088e-02
906           	3.048328e-01	1.452874e+00	5.520736e-01	5.808695e-01	-2.879597e-02
907           	3.048332e-01	1.452867e+00	5.520700e-01	5.808682e-01	-2.879818e-02
908           	3.048329e-01	1.452866e+00	5.520763e-01	5.808711e-01	-2.879472e-02
909           	3.048324e-01	1.452870e+00	5.520736e-01	5.808691e-01	-2.879557e-02
910           	3.048350e-01	1.452871e+00	5.520823e-01	5.808762e-01	-2.879387e-02
911           	3.048361e-01	1.452867e+00	5.520806e-01	5.808764e-01	-2.879581e-02
912           	3.048383e-01	1.452866e+00	5.520863e-01	5.808814e-01	-2.879512e-02
913           	3.048328e-01	1.452872e+00	5.520771e-01	5.808714e-01	-2.879428e-02
914           	3.048364e-01	1.452872e+00	5.520873e-01	5.808801e-01	-2.879276e-02
915           	3.048376e-01	1.452868e+00	5.520839e-01	5.808795e-01	-2.879568e-02
916           	3.048381e-01	1.452865e+00	5.520872e-01	5.808817e-01	-2.879454e-02
917           	3.048361e-01	1.452866e+00	5.520789e-01	5.808756e-01	-2.879668e-02
918           	3.048358e-01	1.452867e+00	5.520860e-01	5.808788e-01	-2.879275e-02
919           	3.048370e-01	1.452865e+00	5.520823e-01	5.808781e-01	-2.879588e-02
920           	3.048364e-01	1.452868e+00	5.520879e-01	5.808804e-01	-2.879246e-02
921           	3.048343e-01	1.452859e+00	5.520781e-01	5.808733e-01	-2.879522e-02
922           	3.048381e-01	1.452863e+00	5.520875e-01	5.808818e-01	-2.879435e-02
923           	3.048405e-01	1.452860e+00	5.520843e-01	5.808827e-01	-2.879838e-02
924           	3.048366e-01	1.452868e+00	5.520863e-01	5.808798e-01	-2.879348e-02
925           	3.048369e-01	1.452861e+00	5.520764e-01	5.808751e-01	-2.879866e-02
926           	3.048371e-01	1.452868e+00	5.520802e-01	5.808772e-01	-2.879703e-02
927           	3.048366e-01	1.452867e+00	5.520732e-01	5.808732e-01	-2.880000e-02
928           	3.048354e-01	1.452875e+00	5.520775e-01	5.808741e-01	-2.879666e-02
929           	3.048349e-01	1.452866e+00	5.520714e-01	5.808706e-01	-2.879918e-02
930           	3.048380e-01	1.452867e+00	5.520860e-01	5.808809e-01	-2.879497e-02
931           	3.048381e-01	1.452865e+00	5.520823e-01	5.808793e-01	-2.879695e-02
932           	3.048376e-01	1.452867e+00	5.520874e-01	5.808813e-01	-2.879393e-02
933           	3.048373e-01	1.452858e+00	5.520812e-01	5.808779e-01	-2.879667e-02
934           	3.048380e-01	1.452868e+00	5.520875e-01	5.808818e-01	-2.879431e-02
935           	3.048391e-01	1.452867e+00	5.520831e-01	5.808806e-01	-2.879757e-02
936           	3.048374e-01	1.452871e+00	5.520846e-01	5.808797e-01	-2.879511e-02
937           	3.048370e-01	1.452865e+00	5.520771e-01	5.808755e-01	-2.879841e-02
938           	3.048369e-01	1.452867e+00	5.520807e-01	5.808773e-01	-2.879652e-02
939           	3.048361e-01	1.452868e+00	5.520738e-01	5.808730e-01	-2.879919e-02
940           	3.048384e-01	1.452860e+00	5.520828e-01	5.808798e-01	-2.879704e-02
941           	3.048387e-01	1.452861e+00	5.520776e-01	5.808775e-01	-2.879992e-02
942           	3.048386e-01	1.452868e+00	5.520870e-01	5.808821e-01	-2.879507e-02
943           	3.048373e-01	1.452864e+00	5.520816e-01	5.808781e-01	-2.879647e-02
944           	3.048398e-01	1.452862e+00	5.520882e-01	5.808839e-01	-2.879567e-02
945           	3.048396e-01	1.452849e+00	5.520793e-01	5.808792e-01	-2.879995e-02
946           	3.048370e-01	1.452861e+00	5.520857e-01	5.808798e-01	-2.879416e-02
947           	3.048364e-01	1.452856e+00	5.520786e-01	5.808757e-01	-2.879706e-02
948           	3.048381e-01	1.452852e+00	5.520858e-01	5.808810e-01	-2.879526e-02
949           	3.048393e-01	1.452855e+00	5.520810e-01	5.808798e-01	-2.879883e-02
950           	3.048358e-01	1.452863e+00	5.520813e-01	5.808764e-01	-2.879509e-02
951           	3.048370e-01	1.452862e+00	5.520760e-01	5.808750e-01	-2.879899e-02
952           	3.048360e-01	1.452868e+00	5.520805e-01	5.808763e-01	-2.879578e-02
953           	3.048335e-01	1.452863e+00	5.520691e-01	5.808681e-01	-2.879899e-02
954           	3.048348e-01	1.452866e+00	5.520784e-01	5.808740e-01	-2.879564e-02
955           	3.048367e-01	1.452865e+00	5.520794e-01	5.808764e-01	-2.879701e-02
956           	3.048353e-01	1.452853e+00	5.520807e-01	5.808757e-01	-2.879495e-02
957           	3.048366e-01	1.452855e+00	5.520787e-01	5.808760e-01	-2.879731e-02
958           	3.048360e-01	1.452866e+00	5.520866e-01	5.808793e-01	-2.879269e-02
959           	3.048388e-01	1.452857e+00	5.520877e-01	5.808826e-01	-2.879493e-02
960           	3.048376e-01	1.452858e+00	5.520865e-01	5.808809e-01	-2.879438e-02
961           	3.048358e-01	1.452848e+00	5.520760e-01	5.808738e-01	-2.879785e-02
962           	3.048392e-01	1.452861e+00	5.520869e-01	5.808826e-01	-2.879571e-02
963           	3.048369e-01	1.452854e+00	5.520782e-01	5.808760e-01	-2.879781e-02
964           	3.048369e-01	1.452858e+00	5.520809e-01	5.808773e-01	-2.879644e-02
965           	3.048366e-01	1.452854e+00	5.520727e-01	5.808730e-01	-2.880030e-02
966           	3.048336e-01	1.452856e+00	5.520760e-01	5.808716e-01	-2.879562e-02
967           	3.048366e-01	1.452853e+00	5.520797e-01	5.808764e-01	-2.879672e-02
968           	3.048349e-01	1.452859e+00	5.520839e-01	5.808769e-01	-2.879299e-02
969           	3.048324e-01	1.452858e+00	5.520742e-01	5.808695e-01	-2.879532e-02
970           	3.048343e-01	1.452861e+00	5.520804e-01	5.808745e-01	-2.879415e-02
971           	3.048333e-01	1.452865e+00	5.520782e-01	5.808724e-01	-2.879427e-02
972           	3.048349e-01	1.452872e+00	5.520859e-01	5.808779e-01	-2.879198e-02
973           	3.048362e-01	1.452861e+00	5.520803e-01	5.808764e-01	-2.879608e-02
974           	3.048381e-01	1.452863e+00	5.520856e-01	5.808809e-01	-2.879532e-02
975           	3.048383e-01	1.452862e+00	5.520833e-01	5.808799e-01	-2.879662e-02
976           	3.048365e-01	1.452862e+00	5.520826e-01	5.808778e-01	-2.879518e-02
977           	3.048390e-01	1.452863e+00	5.520820e-01	5.808800e-01	-2.879801e-02
978           	3.048394e-01	1.452872e+00	5.520876e-01	5.808832e-01	-2.879561e-02
979           	3.048387e-01	1.452867e+00	5.520807e-01	5.808791e-01	-2.879838e-02
980           	3.048378e-01	1.452869e+00	5.520847e-01	5.808802e-01	-2.879546e-02
981           	3.048378e-01	1.452866e+00	5.520819e-01	5.808787e-01	-2.879682e-02
982           	3.048375e-01	1.452868e+00	5.520859e-01	5.808804e-01	-2.879453e-02
983           	3.048406e-01	1.452864e+00	5.520884e-01	5.808848e-01	-2.879641e-02
984           	3.048392e-01	1.452872e+00	5.520919e-01	5.808852e-01	-2.879326e-02
985           	3.048364e-01	1.452863e+00	5.520780e-01	5.808754e-01	-2.879738e-02
986           	3.048389e-01	1.452867e+00	5.520863e-01	5.808820e-01	-2.879573e-02
987           	3.048386e-01	1.452870e+00	5.520810e-01	5.808791e-01	-2.879812e-02
988           	3.048344e-01	1.452866e+00	5.520768e-01	5.808728e-01	-2.879600e-02
989           	3.048368e-01	1.452861e+00	5.520773e-01	5.808755e-01	-2.879814e-02
990           	3.048376e-01	1.452875e+00	5.520885e-01	5.808819e-01	-2.879338e-02
991           	3.048371e-01	1.452871e+00	5.520796e-01	5.808769e-01	-2.879724e-02
992           	3.048364e-01	1.452872e+00	5.520854e-01	5.808791e-01	-2.879374e-02
993           	3.048361e-01	1.452870e+00	5.520767e-01	5.808744e-01	-2.879772e-02
994           	3.048312e-01	1.452875e+00	5.520751e-01	5.808688e-01	-2.879366e-02
995           	3.048339e-01	1.452870e+00	5.520754e-01	5.808716e-01	-2.879614e-02
996           	3.048361e-01	1.452875e+00	5.520886e-01	5.808804e-01	-2.879177e-02
997           	3.048343e-01	1.452865e+00	5.520796e-01	5.808741e-01	-2.879446e-02
998           	3.048360e-01	1.452869e+00	5.520868e-01	5.808794e-01	-2.879263e-02
999           	3.048375e-01	1.452868e+00	5.520844e-01	5.808797e-01	-2.879529e-02
1000          	3.048361e-01	1.452868e+00	5.520846e-01	5.808784e-01	-2.879380e-02
