# Force coefficients
# liftDir     : (0.000000e+00 0.000000e+00 1.000000e+00)
# dragDir     : (1.000000e+00 0.000000e+00 0.000000e+00)
# pitchAxis   : (0.000000e+00 1.000000e+00 0.000000e+00)
# magUInf     : 1.300000e+01
# lRef        : 1.500000e+00
# Aref        : 1.000000e+00
# CofR        : (0.000000e+00 0.000000e+00 0.000000e+00)
# Time        	Cm            	Cd            	Cl            	Cl(f)         	Cl(r)         
0             	-1.312382e-02	5.503626e-02	-3.440500e-04	-1.329585e-02	1.295180e-02
1             	-7.960389e-01	1.084572e+01	-2.586300e+00	-2.089189e+00	-4.971111e-01
2             	-1.006239e+00	6.781894e+00	-1.582814e+00	-1.797646e+00	2.148313e-01
3             	-9.687403e-01	3.681721e+00	-7.775436e-01	-1.357512e+00	5.799685e-01
4             	-8.189081e-01	2.714843e+00	-4.793120e-01	-1.058564e+00	5.792521e-01
5             	-6.888495e-01	2.214570e+00	-3.026625e-01	-8.401808e-01	5.375182e-01
6             	-5.938549e-01	1.970678e+00	-2.131607e-01	-7.004353e-01	4.872746e-01
7             	-5.296432e-01	1.852110e+00	-1.755857e-01	-6.174360e-01	4.418503e-01
8             	-4.876244e-01	1.808132e+00	-1.673694e-01	-5.713091e-01	4.039397e-01
9             	-4.607425e-01	1.799815e+00	-1.765732e-01	-5.490291e-01	3.724559e-01
10            	-4.427731e-01	1.794901e+00	-1.887106e-01	-5.371284e-01	3.484178e-01
11            	-4.298327e-01	1.778154e+00	-1.969262e-01	-5.282958e-01	3.313696e-01
12            	-4.190196e-01	1.751936e+00	-2.010722e-01	-5.195557e-01	3.184835e-01
13            	-4.091047e-01	1.719115e+00	-2.016359e-01	-5.099226e-01	3.082867e-01
14            	-3.997346e-01	1.687498e+00	-2.032327e-01	-5.013510e-01	2.981183e-01
15            	-3.903328e-01	1.659563e+00	-2.075485e-01	-4.941070e-01	2.865585e-01
16            	-3.806790e-01	1.635743e+00	-2.149084e-01	-4.881332e-01	2.732248e-01
17            	-3.709917e-01	1.616138e+00	-2.249779e-01	-4.834806e-01	2.585027e-01
18            	-3.614778e-01	1.599483e+00	-2.371688e-01	-4.800622e-01	2.428934e-01
19            	-3.525547e-01	1.585548e+00	-2.506273e-01	-4.778684e-01	2.272411e-01
20            	-3.445739e-01	1.573597e+00	-2.639320e-01	-4.765399e-01	2.126079e-01
21            	-3.379412e-01	1.563224e+00	-2.756920e-01	-4.757872e-01	2.000952e-01
22            	-3.329381e-01	1.553924e+00	-2.843418e-01	-4.751090e-01	1.907672e-01
23            	-3.296201e-01	1.545417e+00	-2.894157e-01	-4.743279e-01	1.849122e-01
24            	-3.280319e-01	1.537520e+00	-2.902818e-01	-4.731728e-01	1.828910e-01
25            	-3.279162e-01	1.530181e+00	-2.877526e-01	-4.717925e-01	1.840400e-01
26            	-3.288700e-01	1.523074e+00	-2.826516e-01	-4.701958e-01	1.875442e-01
27            	-3.306212e-01	1.515755e+00	-2.757406e-01	-4.684915e-01	1.927509e-01
28            	-3.328682e-01	1.507904e+00	-2.674671e-01	-4.666018e-01	1.991347e-01
29            	-3.353607e-01	1.499497e+00	-2.584312e-01	-4.645763e-01	2.061451e-01
30            	-3.377986e-01	1.490762e+00	-2.490195e-01	-4.623084e-01	2.132889e-01
31            	-3.399798e-01	1.482352e+00	-2.400213e-01	-4.599905e-01	2.199692e-01
32            	-3.415785e-01	1.474517e+00	-2.320434e-01	-4.576002e-01	2.255567e-01
33            	-3.425176e-01	1.467768e+00	-2.256256e-01	-4.553304e-01	2.297048e-01
34            	-3.427844e-01	1.462513e+00	-2.210993e-01	-4.533341e-01	2.322348e-01
35            	-3.421631e-01	1.459423e+00	-2.194232e-01	-4.518747e-01	2.324516e-01
36            	-3.407836e-01	1.457808e+00	-2.202874e-01	-4.509273e-01	2.306399e-01
37            	-3.388540e-01	1.457583e+00	-2.236359e-01	-4.506719e-01	2.270360e-01
38            	-3.365031e-01	1.458632e+00	-2.291200e-01	-4.510631e-01	2.219431e-01
39            	-3.339412e-01	1.460780e+00	-2.364954e-01	-4.521889e-01	2.156934e-01
40            	-3.313678e-01	1.463679e+00	-2.448982e-01	-4.538169e-01	2.089188e-01
41            	-3.290724e-01	1.466776e+00	-2.535030e-01	-4.558239e-01	2.023209e-01
42            	-3.272643e-01	1.469880e+00	-2.613976e-01	-4.579631e-01	1.965654e-01
43            	-3.260820e-01	1.472773e+00	-2.680352e-01	-4.600996e-01	1.920644e-01
44            	-3.254755e-01	1.475369e+00	-2.728955e-01	-4.619232e-01	1.890278e-01
45            	-3.254314e-01	1.477577e+00	-2.760429e-01	-4.634528e-01	1.874099e-01
46            	-3.257761e-01	1.479413e+00	-2.775327e-01	-4.645424e-01	1.870097e-01
47            	-3.264140e-01	1.480669e+00	-2.776423e-01	-4.652352e-01	1.875929e-01
48            	-3.272029e-01	1.481328e+00	-2.764774e-01	-4.654416e-01	1.889642e-01
49            	-3.281579e-01	1.481228e+00	-2.741974e-01	-4.652566e-01	1.910592e-01
50            	-3.292728e-01	1.479914e+00	-2.704854e-01	-4.645155e-01	1.940301e-01
51            	-3.305069e-01	1.476841e+00	-2.650932e-01	-4.630535e-01	1.979602e-01
52            	-3.316582e-01	1.473387e+00	-2.594286e-01	-4.613726e-01	2.019439e-01
53            	-3.327350e-01	1.469834e+00	-2.538915e-01	-4.596807e-01	2.057893e-01
54            	-3.336340e-01	1.466180e+00	-2.484499e-01	-4.578589e-01	2.094090e-01
55            	-3.342718e-01	1.462947e+00	-2.438715e-01	-4.562075e-01	2.123360e-01
56            	-3.344861e-01	1.460506e+00	-2.405879e-01	-4.547801e-01	2.141922e-01
57            	-3.342534e-01	1.459153e+00	-2.389959e-01	-4.537513e-01	2.147555e-01
58            	-3.334901e-01	1.458753e+00	-2.390792e-01	-4.530297e-01	2.139506e-01
59            	-3.322223e-01	1.459342e+00	-2.410711e-01	-4.527579e-01	2.116868e-01
60            	-3.304564e-01	1.460928e+00	-2.448215e-01	-4.528672e-01	2.080457e-01
61            	-3.284092e-01	1.464142e+00	-2.506600e-01	-4.537391e-01	2.030792e-01
62            	-3.264233e-01	1.468165e+00	-2.574059e-01	-4.551263e-01	1.977204e-01
63            	-3.248328e-01	1.471864e+00	-2.638412e-01	-4.567534e-01	1.929122e-01
64            	-3.234971e-01	1.477991e+00	-2.722479e-01	-4.596210e-01	1.873731e-01
65            	-3.230795e-01	1.479698e+00	-2.754852e-01	-4.608221e-01	1.853369e-01
66            	-3.228717e-01	1.483142e+00	-2.798246e-01	-4.627840e-01	1.829594e-01
67            	-3.231768e-01	1.484858e+00	-2.814456e-01	-4.638996e-01	1.824540e-01
68            	-3.238311e-01	1.486959e+00	-2.828220e-01	-4.652421e-01	1.824202e-01
69            	-3.246989e-01	1.487676e+00	-2.824414e-01	-4.659196e-01	1.834782e-01
70            	-3.260385e-01	1.487486e+00	-2.806166e-01	-4.663468e-01	1.857302e-01
71            	-3.273142e-01	1.486696e+00	-2.780843e-01	-4.663563e-01	1.882720e-01
72            	-3.291002e-01	1.483069e+00	-2.726701e-01	-4.654352e-01	1.927651e-01
73            	-3.305168e-01	1.480651e+00	-2.681481e-01	-4.645909e-01	1.964427e-01
74            	-3.322542e-01	1.473062e+00	-2.593255e-01	-4.619170e-01	2.025915e-01
75            	-3.334402e-01	1.470331e+00	-2.543310e-01	-4.606057e-01	2.062747e-01
76            	-3.349829e-01	1.463652e+00	-2.457861e-01	-4.578759e-01	2.120898e-01
77            	-3.359027e-01	1.460619e+00	-2.408774e-01	-4.563414e-01	2.154640e-01
78            	-3.366719e-01	1.454365e+00	-2.336472e-01	-4.534955e-01	2.198483e-01
79            	-3.368107e-01	1.452632e+00	-2.309547e-01	-4.522881e-01	2.213333e-01
80            	-3.365692e-01	1.451233e+00	-2.291172e-01	-4.511278e-01	2.220106e-01
81            	-3.358487e-01	1.450492e+00	-2.289009e-01	-4.502991e-01	2.213982e-01
82            	-3.345629e-01	1.450481e+00	-2.303632e-01	-4.497445e-01	2.193813e-01
83            	-3.328565e-01	1.451758e+00	-2.339086e-01	-4.498108e-01	2.159022e-01
84            	-3.308673e-01	1.454489e+00	-2.393180e-01	-4.505263e-01	2.112083e-01
85            	-3.289656e-01	1.457918e+00	-2.457677e-01	-4.518495e-01	2.060818e-01
86            	-3.270587e-01	1.464352e+00	-2.552093e-01	-4.546633e-01	1.994540e-01
87            	-3.260916e-01	1.466253e+00	-2.598428e-01	-4.560130e-01	1.961702e-01
88            	-3.250482e-01	1.470803e+00	-2.668924e-01	-4.584944e-01	1.916019e-01
89            	-3.246235e-01	1.474216e+00	-2.719752e-01	-4.606111e-01	1.886359e-01
90            	-3.247085e-01	1.477456e+00	-2.757886e-01	-4.626028e-01	1.868142e-01
91            	-3.251365e-01	1.479138e+00	-2.774521e-01	-4.638625e-01	1.864104e-01
92            	-3.258731e-01	1.481938e+00	-2.792846e-01	-4.655154e-01	1.862309e-01
93            	-3.267825e-01	1.482998e+00	-2.792348e-01	-4.663999e-01	1.871651e-01
94            	-3.281173e-01	1.483742e+00	-2.781106e-01	-4.671725e-01	1.890620e-01
95            	-3.294381e-01	1.483369e+00	-2.760150e-01	-4.674456e-01	1.914306e-01
96            	-3.309786e-01	1.481148e+00	-2.721670e-01	-4.670621e-01	1.948951e-01
97            	-3.326113e-01	1.476184e+00	-2.657161e-01	-4.654694e-01	1.997533e-01
98            	-3.337998e-01	1.473905e+00	-2.617651e-01	-4.646824e-01	2.029173e-01
99            	-3.355272e-01	1.468119e+00	-2.545723e-01	-4.628134e-01	2.082411e-01
100           	-3.366611e-01	1.464642e+00	-2.497279e-01	-4.615251e-01	2.117971e-01
101           	-3.378841e-01	1.457156e+00	-2.418541e-01	-4.588112e-01	2.169571e-01
102           	-3.383200e-01	1.454796e+00	-2.387851e-01	-4.577126e-01	2.189275e-01
103           	-3.386312e-01	1.450400e+00	-2.347553e-01	-4.560088e-01	2.212535e-01
104           	-3.382145e-01	1.448763e+00	-2.340271e-01	-4.552281e-01	2.212010e-01
105           	-3.374547e-01	1.447436e+00	-2.344623e-01	-4.546858e-01	2.202235e-01
106           	-3.362458e-01	1.446747e+00	-2.363332e-01	-4.544125e-01	2.180792e-01
107           	-3.346367e-01	1.447112e+00	-2.398099e-01	-4.545416e-01	2.147317e-01
108           	-3.327899e-01	1.448754e+00	-2.447407e-01	-4.551603e-01	2.104196e-01
109           	-3.308534e-01	1.453313e+00	-2.522174e-01	-4.569621e-01	2.047447e-01
110           	-3.295732e-01	1.454439e+00	-2.565625e-01	-4.578545e-01	2.012920e-01
111           	-3.281107e-01	1.458266e+00	-2.636155e-01	-4.599184e-01	1.963030e-01
112           	-3.271673e-01	1.461174e+00	-2.690605e-01	-4.616975e-01	1.926370e-01
113           	-3.267718e-01	1.464213e+00	-2.735653e-01	-4.635544e-01	1.899891e-01
114           	-3.268457e-01	1.465549e+00	-2.755674e-01	-4.646294e-01	1.890620e-01
115           	-3.272440e-01	1.468453e+00	-2.782469e-01	-4.663674e-01	1.881205e-01
116           	-3.278324e-01	1.469385e+00	-2.785892e-01	-4.671270e-01	1.885378e-01
117           	-3.288159e-01	1.470382e+00	-2.782774e-01	-4.679546e-01	1.896772e-01
118           	-3.298804e-01	1.470459e+00	-2.766876e-01	-4.682242e-01	1.915366e-01
119           	-3.312108e-01	1.469350e+00	-2.737167e-01	-4.680692e-01	1.943525e-01
120           	-3.326912e-01	1.465253e+00	-2.679470e-01	-4.666647e-01	1.987177e-01
121           	-3.338500e-01	1.463490e+00	-2.643061e-01	-4.660030e-01	2.016969e-01
122           	-3.354286e-01	1.458312e+00	-2.573721e-01	-4.641147e-01	2.067426e-01
123           	-3.366200e-01	1.455004e+00	-2.523135e-01	-4.627768e-01	2.104633e-01
124           	-3.378744e-01	1.448086e+00	-2.442493e-01	-4.599990e-01	2.157498e-01
125           	-3.384983e-01	1.446001e+00	-2.407538e-01	-4.588752e-01	2.181215e-01
126           	-3.390976e-01	1.441265e+00	-2.352042e-01	-4.566997e-01	2.214955e-01
127           	-3.391344e-01	1.439665e+00	-2.333068e-01	-4.557878e-01	2.224810e-01
128           	-3.388201e-01	1.438328e+00	-2.322153e-01	-4.549278e-01	2.227125e-01
129           	-3.380388e-01	1.437644e+00	-2.326222e-01	-4.543499e-01	2.217277e-01
130           	-3.367755e-01	1.437669e+00	-2.344413e-01	-4.539961e-01	2.195549e-01
131           	-3.351765e-01	1.439133e+00	-2.379867e-01	-4.541698e-01	2.161831e-01
132           	-3.333901e-01	1.441993e+00	-2.430030e-01	-4.548916e-01	2.118886e-01
133           	-3.315434e-01	1.447813e+00	-2.505596e-01	-4.568232e-01	2.062636e-01
134           	-3.303585e-01	1.449600e+00	-2.546700e-01	-4.576935e-01	2.030236e-01
135           	-3.289292e-01	1.454393e+00	-2.612808e-01	-4.595696e-01	1.982887e-01
136           	-3.279789e-01	1.458009e+00	-2.663157e-01	-4.611367e-01	1.948211e-01
137           	-3.275321e-01	1.461906e+00	-2.705873e-01	-4.628258e-01	1.922385e-01
138           	-3.274150e-01	1.465029e+00	-2.734871e-01	-4.641586e-01	1.906714e-01
139           	-3.277103e-01	1.466691e+00	-2.744932e-01	-4.649569e-01	1.904637e-01
140           	-3.281600e-01	1.469600e+00	-2.755567e-01	-4.659384e-01	1.903817e-01
141           	-3.289018e-01	1.470678e+00	-2.750278e-01	-4.664157e-01	1.913879e-01
142           	-3.299615e-01	1.471448e+00	-2.733479e-01	-4.666355e-01	1.932876e-01
143           	-3.311452e-01	1.470983e+00	-2.707200e-01	-4.665052e-01	1.957852e-01
144           	-3.326007e-01	1.467217e+00	-2.652204e-01	-4.652109e-01	1.999905e-01
145           	-3.337620e-01	1.465715e+00	-2.615790e-01	-4.645515e-01	2.029726e-01
146           	-3.353477e-01	1.460767e+00	-2.546870e-01	-4.626912e-01	2.080042e-01
147           	-3.364522e-01	1.458026e+00	-2.500020e-01	-4.614532e-01	2.114512e-01
148           	-3.376561e-01	1.451658e+00	-2.425388e-01	-4.589255e-01	2.163868e-01
149           	-3.382827e-01	1.449740e+00	-2.390303e-01	-4.577979e-01	2.187675e-01
150           	-3.388668e-01	1.445412e+00	-2.339986e-01	-4.558660e-01	2.218675e-01
151           	-3.388375e-01	1.444001e+00	-2.321976e-01	-4.549363e-01	2.227387e-01
152           	-3.384547e-01	1.442901e+00	-2.312701e-01	-4.540897e-01	2.228197e-01
153           	-3.376084e-01	1.442470e+00	-2.318467e-01	-4.535318e-01	2.216851e-01
154           	-3.362866e-01	1.442789e+00	-2.337996e-01	-4.531864e-01	2.193868e-01
155           	-3.346497e-01	1.444292e+00	-2.373984e-01	-4.533489e-01	2.159505e-01
156           	-3.327719e-01	1.447155e+00	-2.424797e-01	-4.540118e-01	2.115321e-01
157           	-3.308518e-01	1.452927e+00	-2.504142e-01	-4.560589e-01	2.056447e-01
158           	-3.296386e-01	1.454706e+00	-2.543303e-01	-4.568037e-01	2.024734e-01
159           	-3.281385e-01	1.459299e+00	-2.607796e-01	-4.585283e-01	1.977487e-01
160           	-3.271407e-01	1.462879e+00	-2.657666e-01	-4.600240e-01	1.942574e-01
161           	-3.266523e-01	1.466537e+00	-2.698882e-01	-4.615964e-01	1.917082e-01
162           	-3.265035e-01	1.469675e+00	-2.727547e-01	-4.628808e-01	1.901261e-01
163           	-3.268088e-01	1.471407e+00	-2.736975e-01	-4.636576e-01	1.899600e-01
164           	-3.272215e-01	1.474261e+00	-2.746883e-01	-4.645656e-01	1.898773e-01
165           	-3.280002e-01	1.475462e+00	-2.741646e-01	-4.650825e-01	1.909179e-01
166           	-3.290346e-01	1.476120e+00	-2.725627e-01	-4.653160e-01	1.927533e-01
167           	-3.302387e-01	1.475772e+00	-2.701205e-01	-4.652989e-01	1.951785e-01
168           	-3.316420e-01	1.471870e+00	-2.652153e-01	-4.642496e-01	1.990343e-01
169           	-3.328066e-01	1.470540e+00	-2.618334e-01	-4.637232e-01	2.018899e-01
170           	-3.343401e-01	1.465650e+00	-2.554869e-01	-4.620836e-01	2.065966e-01
171           	-3.354205e-01	1.462828e+00	-2.511136e-01	-4.609773e-01	2.098637e-01
172           	-3.366014e-01	1.456100e+00	-2.441111e-01	-4.586569e-01	2.145458e-01
173           	-3.371361e-01	1.454095e+00	-2.410141e-01	-4.576431e-01	2.166290e-01
174           	-3.376012e-01	1.449445e+00	-2.365763e-01	-4.558893e-01	2.193130e-01
175           	-3.374820e-01	1.447865e+00	-2.352263e-01	-4.550951e-01	2.198688e-01
176           	-3.370240e-01	1.446457e+00	-2.348423e-01	-4.544452e-01	2.196029e-01
177           	-3.361177e-01	1.445710e+00	-2.359279e-01	-4.540817e-01	2.181538e-01
178           	-3.348094e-01	1.445667e+00	-2.383606e-01	-4.539897e-01	2.156291e-01
179           	-3.332115e-01	1.446721e+00	-2.422547e-01	-4.543389e-01	2.120842e-01
180           	-3.312916e-01	1.451143e+00	-2.489725e-01	-4.557778e-01	2.068054e-01
181           	-3.300056e-01	1.452122e+00	-2.529476e-01	-4.564794e-01	2.035318e-01
182           	-3.284278e-01	1.455794e+00	-2.595731e-01	-4.582144e-01	1.986413e-01
183           	-3.273331e-01	1.459145e+00	-2.652580e-01	-4.599621e-01	1.947041e-01
184           	-3.266813e-01	1.462171e+00	-2.698156e-01	-4.615891e-01	1.917735e-01
185           	-3.265398e-01	1.464501e+00	-2.731010e-01	-4.630904e-01	1.899893e-01
186           	-3.267000e-01	1.465557e+00	-2.747366e-01	-4.640683e-01	1.893317e-01
187           	-3.272414e-01	1.468255e+00	-2.766752e-01	-4.655790e-01	1.889038e-01
188           	-3.278966e-01	1.468824e+00	-2.766401e-01	-4.662167e-01	1.895766e-01
189           	-3.290137e-01	1.469189e+00	-2.756353e-01	-4.668314e-01	1.911961e-01
190           	-3.300823e-01	1.468681e+00	-2.736679e-01	-4.669163e-01	1.932483e-01
191           	-3.315023e-01	1.466904e+00	-2.702137e-01	-4.666091e-01	1.963954e-01
192           	-3.331466e-01	1.462209e+00	-2.630761e-01	-4.646846e-01	2.016085e-01
193           	-3.342581e-01	1.460309e+00	-2.593926e-01	-4.639544e-01	2.045617e-01
194           	-3.358812e-01	1.454981e+00	-2.525105e-01	-4.621364e-01	2.096260e-01
195           	-3.369530e-01	1.451949e+00	-2.479951e-01	-4.609506e-01	2.129555e-01
196           	-3.382008e-01	1.445407e+00	-2.404714e-01	-4.584365e-01	2.179651e-01
197           	-3.386797e-01	1.443370e+00	-2.372812e-01	-4.573203e-01	2.200391e-01
198           	-3.391148e-01	1.439159e+00	-2.327454e-01	-4.554875e-01	2.227420e-01
199           	-3.389257e-01	1.437868e+00	-2.314422e-01	-4.546468e-01	2.232045e-01
200           	-3.383818e-01	1.437030e+00	-2.310565e-01	-4.539100e-01	2.228536e-01
201           	-3.373953e-01	1.436930e+00	-2.322065e-01	-4.534985e-01	2.212920e-01
202           	-3.359572e-01	1.437590e+00	-2.346333e-01	-4.532739e-01	2.186406e-01
203           	-3.342295e-01	1.439678e+00	-2.387176e-01	-4.535883e-01	2.148707e-01
204           	-3.322200e-01	1.445059e+00	-2.458913e-01	-4.551657e-01	2.092743e-01
205           	-3.309596e-01	1.446883e+00	-2.498159e-01	-4.558675e-01	2.060516e-01
206           	-3.292870e-01	1.451633e+00	-2.564054e-01	-4.574897e-01	2.010843e-01
207           	-3.281159e-01	1.455505e+00	-2.619098e-01	-4.590708e-01	1.971610e-01
208           	-3.273815e-01	1.459567e+00	-2.667223e-01	-4.607426e-01	1.940203e-01
209           	-3.271237e-01	1.462866e+00	-2.700701e-01	-4.621588e-01	1.920887e-01
210           	-3.271976e-01	1.464657e+00	-2.715141e-01	-4.629546e-01	1.914405e-01
211           	-3.274103e-01	1.468359e+00	-2.736115e-01	-4.642161e-01	1.906046e-01
212           	-3.279893e-01	1.469706e+00	-2.735828e-01	-4.647807e-01	1.911980e-01
213           	-3.287413e-01	1.470738e+00	-2.727959e-01	-4.651392e-01	1.923433e-01
214           	-3.296894e-01	1.471223e+00	-2.711366e-01	-4.652577e-01	1.941211e-01
215           	-3.309108e-01	1.470705e+00	-2.683258e-01	-4.650737e-01	1.967479e-01
216           	-3.323007e-01	1.467433e+00	-2.634613e-01	-4.640314e-01	2.005701e-01
217           	-3.334272e-01	1.466144e+00	-2.599391e-01	-4.633968e-01	2.034577e-01
218           	-3.348898e-01	1.461800e+00	-2.534660e-01	-4.616228e-01	2.081568e-01
219           	-3.359190e-01	1.459252e+00	-2.489192e-01	-4.603786e-01	2.114594e-01
220           	-3.369872e-01	1.453446e+00	-2.418012e-01	-4.578879e-01	2.160866e-01
221           	-3.374420e-01	1.452089e+00	-2.387595e-01	-4.568217e-01	2.180623e-01
222           	-3.377500e-01	1.449140e+00	-2.346318e-01	-4.550659e-01	2.204341e-01
223           	-3.375287e-01	1.448412e+00	-2.334091e-01	-4.542332e-01	2.208241e-01
224           	-3.369342e-01	1.448182e+00	-2.331502e-01	-4.535093e-01	2.203591e-01
225           	-3.358989e-01	1.448542e+00	-2.343731e-01	-4.530855e-01	2.187123e-01
226           	-3.344435e-01	1.449540e+00	-2.368997e-01	-4.528934e-01	2.159936e-01
227           	-3.327386e-01	1.451883e+00	-2.411649e-01	-4.533210e-01	2.121561e-01
228           	-3.307568e-01	1.457324e+00	-2.487141e-01	-4.551138e-01	2.063998e-01
229           	-3.296113e-01	1.459080e+00	-2.527086e-01	-4.559656e-01	2.032570e-01
230           	-3.279880e-01	1.463379e+00	-2.592200e-01	-4.575980e-01	1.983780e-01
231           	-3.268894e-01	1.466875e+00	-2.647079e-01	-4.592434e-01	1.945355e-01
232           	-3.262224e-01	1.470491e+00	-2.695371e-01	-4.609909e-01	1.914538e-01
233           	-3.260631e-01	1.473326e+00	-2.730334e-01	-4.625798e-01	1.895464e-01
234           	-3.261667e-01	1.475607e+00	-2.754455e-01	-4.638894e-01	1.884439e-01
235           	-3.266318e-01	1.476787e+00	-2.762519e-01	-4.647577e-01	1.885058e-01
236           	-3.273384e-01	1.478442e+00	-2.769100e-01	-4.657934e-01	1.888834e-01
237           	-3.282182e-01	1.478930e+00	-2.762117e-01	-4.663240e-01	1.901123e-01
238           	-3.295335e-01	1.478286e+00	-2.741419e-01	-4.666045e-01	1.924626e-01
239           	-3.308126e-01	1.477109e+00	-2.714088e-01	-4.665170e-01	1.951082e-01
240           	-3.324203e-01	1.471910e+00	-2.654472e-01	-4.651439e-01	1.996967e-01
241           	-3.335760e-01	1.469940e+00	-2.619331e-01	-4.645425e-01	2.026094e-01
242           	-3.352018e-01	1.464212e+00	-2.551876e-01	-4.627956e-01	2.076080e-01
243           	-3.364163e-01	1.459143e+00	-2.491753e-01	-4.610039e-01	2.118287e-01
244           	-3.371738e-01	1.456390e+00	-2.455028e-01	-4.599252e-01	2.144224e-01
245           	-3.380637e-01	1.450013e+00	-2.394899e-01	-4.578086e-01	2.183188e-01
246           	-3.381774e-01	1.447800e+00	-2.373863e-01	-4.568705e-01	2.194843e-01
247           	-3.381547e-01	1.444687e+00	-2.351987e-01	-4.557541e-01	2.205553e-01
248           	-3.375470e-01	1.443446e+00	-2.353279e-01	-4.552110e-01	2.198831e-01
249           	-3.366232e-01	1.442761e+00	-2.368776e-01	-4.550620e-01	2.181844e-01
250           	-3.352611e-01	1.442831e+00	-2.398536e-01	-4.551879e-01	2.153343e-01
251           	-3.336113e-01	1.444111e+00	-2.440621e-01	-4.556424e-01	2.115803e-01
252           	-3.317848e-01	1.448634e+00	-2.499640e-01	-4.567668e-01	2.068028e-01
253           	-3.305002e-01	1.449572e+00	-2.539389e-01	-4.574696e-01	2.035307e-01
254           	-3.290793e-01	1.453498e+00	-2.605089e-01	-4.593338e-01	1.988248e-01
255           	-3.282994e-01	1.455513e+00	-2.646426e-01	-4.606207e-01	1.959781e-01
256           	-3.276853e-01	1.460065e+00	-2.700337e-01	-4.627022e-01	1.926684e-01
257           	-3.276503e-01	1.461433e+00	-2.721418e-01	-4.637212e-01	1.915794e-01
258           	-3.278482e-01	1.464457e+00	-2.748031e-01	-4.652497e-01	1.904466e-01
259           	-3.283207e-01	1.465455e+00	-2.752195e-01	-4.659305e-01	1.907110e-01
260           	-3.289921e-01	1.466312e+00	-2.748814e-01	-4.664328e-01	1.915514e-01
261           	-3.298918e-01	1.466846e+00	-2.736815e-01	-4.667325e-01	1.930510e-01
262           	-3.309352e-01	1.466806e+00	-2.714244e-01	-4.666474e-01	1.952230e-01
263           	-3.322254e-01	1.465552e+00	-2.678235e-01	-4.661372e-01	1.983137e-01
264           	-3.336042e-01	1.461068e+00	-2.617170e-01	-4.644627e-01	2.027457e-01
265           	-3.346938e-01	1.459615e+00	-2.579552e-01	-4.636714e-01	2.057162e-01
266           	-3.361292e-01	1.454843e+00	-2.512215e-01	-4.617400e-01	2.105185e-01
267           	-3.371310e-01	1.452247e+00	-2.466938e-01	-4.604779e-01	2.137841e-01
268           	-3.381402e-01	1.445711e+00	-2.394985e-01	-4.578894e-01	2.183909e-01
269           	-3.385773e-01	1.444102e+00	-2.365025e-01	-4.568285e-01	2.203261e-01
270           	-3.388316e-01	1.440637e+00	-2.325758e-01	-4.551195e-01	2.225437e-01
271           	-3.385941e-01	1.439693e+00	-2.315746e-01	-4.543814e-01	2.228068e-01
272           	-3.379707e-01	1.439138e+00	-2.315057e-01	-4.537236e-01	2.222178e-01
273           	-3.369090e-01	1.439241e+00	-2.330138e-01	-4.534159e-01	2.204021e-01
274           	-3.354319e-01	1.440042e+00	-2.358811e-01	-4.533725e-01	2.174914e-01
275           	-3.337103e-01	1.442373e+00	-2.405372e-01	-4.539790e-01	2.134417e-01
276           	-3.317851e-01	1.447791e+00	-2.482253e-01	-4.558977e-01	2.076724e-01
277           	-3.306410e-01	1.449529e+00	-2.522423e-01	-4.567622e-01	2.045198e-01
278           	-3.290530e-01	1.454072e+00	-2.586939e-01	-4.583999e-01	1.997060e-01
279           	-3.279513e-01	1.457660e+00	-2.639486e-01	-4.599256e-01	1.959770e-01
280           	-3.272852e-01	1.461473e+00	-2.685239e-01	-4.615471e-01	1.930232e-01
281           	-3.270850e-01	1.464617e+00	-2.717184e-01	-4.629443e-01	1.912258e-01
282           	-3.271830e-01	1.466197e+00	-2.730442e-01	-4.637051e-01	1.906609e-01
283           	-3.274595e-01	1.469623e+00	-2.748195e-01	-4.648692e-01	1.900497e-01
284           	-3.280269e-01	1.470662e+00	-2.745763e-01	-4.653150e-01	1.907388e-01
285           	-3.288304e-01	1.471405e+00	-2.735820e-01	-4.656214e-01	1.920394e-01
286           	-3.298501e-01	1.471512e+00	-2.715941e-01	-4.656471e-01	1.940531e-01
287           	-3.311369e-01	1.470443e+00	-2.682494e-01	-4.652616e-01	1.970122e-01
288           	-3.325062e-01	1.468038e+00	-2.637978e-01	-4.644051e-01	2.006073e-01
289           	-3.339503e-01	1.463049e+00	-2.571146e-01	-4.625076e-01	2.053930e-01
290           	-3.348995e-01	1.461165e+00	-2.533688e-01	-4.615839e-01	2.082150e-01
291           	-3.362883e-01	1.456537e+00	-2.470247e-01	-4.598007e-01	2.127759e-01
292           	-3.370706e-01	1.454187e+00	-2.430209e-01	-4.585810e-01	2.155602e-01
293           	-3.379469e-01	1.449556e+00	-2.372970e-01	-4.565954e-01	2.192984e-01
294           	-3.379851e-01	1.448290e+00	-2.350941e-01	-4.555322e-01	2.204381e-01
295           	-3.377809e-01	1.447473e+00	-2.336761e-01	-4.546190e-01	2.209429e-01
296           	-3.371572e-01	1.447278e+00	-2.334785e-01	-4.538965e-01	2.204180e-01
297           	-3.360760e-01	1.447781e+00	-2.347550e-01	-4.534535e-01	2.186985e-01
298           	-3.345661e-01	1.449000e+00	-2.372437e-01	-4.531880e-01	2.159443e-01
299           	-3.327961e-01	1.451224e+00	-2.411334e-01	-4.533629e-01	2.122294e-01
300           	-3.306522e-01	1.456855e+00	-2.483951e-01	-4.548497e-01	2.064547e-01
301           	-3.294413e-01	1.458656e+00	-2.521702e-01	-4.555264e-01	2.033562e-01
302           	-3.278089e-01	1.463403e+00	-2.585642e-01	-4.570911e-01	1.985268e-01
303           	-3.267601e-01	1.467507e+00	-2.640302e-01	-4.587752e-01	1.947450e-01
304           	-3.261893e-01	1.470944e+00	-2.683170e-01	-4.603478e-01	1.920307e-01
305           	-3.259518e-01	1.473982e+00	-2.717558e-01	-4.618297e-01	1.900739e-01
306           	-3.261275e-01	1.475545e+00	-2.731467e-01	-4.627009e-01	1.895541e-01
307           	-3.264970e-01	1.478365e+00	-2.751896e-01	-4.640918e-01	1.889022e-01
308           	-3.271797e-01	1.479358e+00	-2.751618e-01	-4.647606e-01	1.895988e-01
309           	-3.281150e-01	1.479706e+00	-2.743798e-01	-4.653050e-01	1.909251e-01
310           	-3.292407e-01	1.479381e+00	-2.726390e-01	-4.655602e-01	1.929212e-01
311           	-3.306462e-01	1.477795e+00	-2.696942e-01	-4.654933e-01	1.957991e-01
312           	-3.321764e-01	1.473065e+00	-2.646396e-01	-4.644962e-01	1.998566e-01
313           	-3.333267e-01	1.471163e+00	-2.610669e-01	-4.638602e-01	2.027933e-01
314           	-3.349007e-01	1.465534e+00	-2.545028e-01	-4.621521e-01	2.076493e-01
315           	-3.359203e-01	1.462399e+00	-2.501116e-01	-4.609761e-01	2.108645e-01
316           	-3.370699e-01	1.455103e+00	-2.429327e-01	-4.585362e-01	2.156035e-01
317           	-3.374758e-01	1.452958e+00	-2.401054e-01	-4.575285e-01	2.174231e-01
318           	-3.378160e-01	1.448725e+00	-2.362792e-01	-4.559556e-01	2.196764e-01
319           	-3.375271e-01	1.447166e+00	-2.354404e-01	-4.552473e-01	2.198068e-01
320           	-3.369165e-01	1.445842e+00	-2.356647e-01	-4.547489e-01	2.190842e-01
321           	-3.358713e-01	1.445123e+00	-2.373635e-01	-4.545530e-01	2.171895e-01
322           	-3.344369e-01	1.445016e+00	-2.402422e-01	-4.545580e-01	2.143158e-01
323           	-3.327565e-01	1.446302e+00	-2.444533e-01	-4.549831e-01	2.105298e-01
324           	-3.309032e-01	1.450738e+00	-2.505175e-01	-4.561620e-01	2.056444e-01
325           	-3.296613e-01	1.451607e+00	-2.545475e-01	-4.569350e-01	2.023875e-01
326           	-3.282417e-01	1.455343e+00	-2.611153e-01	-4.587993e-01	1.976840e-01
327           	-3.273450e-01	1.458299e+00	-2.663340e-01	-4.605120e-01	1.941779e-01
328           	-3.269020e-01	1.461150e+00	-2.704734e-01	-4.621387e-01	1.916653e-01
329           	-3.269475e-01	1.462364e+00	-2.725251e-01	-4.632101e-01	1.906850e-01
330           	-3.273408e-01	1.465532e+00	-2.752999e-01	-4.649908e-01	1.896909e-01
331           	-3.279085e-01	1.466374e+00	-2.757854e-01	-4.658012e-01	1.900158e-01
332           	-3.287715e-01	1.467104e+00	-2.756140e-01	-4.665785e-01	1.909645e-01
333           	-3.300300e-01	1.467769e+00	-2.743562e-01	-4.672080e-01	1.928519e-01
334           	-3.311357e-01	1.467467e+00	-2.721402e-01	-4.672057e-01	1.950656e-01
335           	-3.325844e-01	1.465568e+00	-2.682661e-01	-4.667174e-01	1.984513e-01
336           	-3.341032e-01	1.460384e+00	-2.613216e-01	-4.647640e-01	2.034424e-01
337           	-3.351715e-01	1.458715e+00	-2.575911e-01	-4.639671e-01	2.063760e-01
338           	-3.366114e-01	1.453908e+00	-2.509141e-01	-4.620685e-01	2.111544e-01
339           	-3.375838e-01	1.451300e+00	-2.465376e-01	-4.608526e-01	2.143150e-01
340           	-3.385264e-01	1.444611e+00	-2.392314e-01	-4.581421e-01	2.189107e-01
341           	-3.388761e-01	1.442928e+00	-2.363253e-01	-4.570387e-01	2.207134e-01
342           	-3.389886e-01	1.439481e+00	-2.324721e-01	-4.552246e-01	2.227526e-01
343           	-3.386671e-01	1.438450e+00	-2.315735e-01	-4.544539e-01	2.228804e-01
344           	-3.379340e-01	1.437879e+00	-2.316202e-01	-4.537441e-01	2.221239e-01
345           	-3.367770e-01	1.437951e+00	-2.332252e-01	-4.533896e-01	2.201644e-01
346           	-3.352297e-01	1.438757e+00	-2.361729e-01	-4.533161e-01	2.171433e-01
347           	-3.334705e-01	1.441208e+00	-2.409259e-01	-4.539335e-01	2.130075e-01
348           	-3.315920e-01	1.446684e+00	-2.485843e-01	-4.558841e-01	2.072998e-01
349           	-3.304659e-01	1.448370e+00	-2.525254e-01	-4.567285e-01	2.042032e-01
350           	-3.289911e-01	1.452930e+00	-2.590598e-01	-4.585210e-01	1.994613e-01
351           	-3.280184e-01	1.456487e+00	-2.642751e-01	-4.601559e-01	1.958808e-01
352           	-3.274740e-01	1.460472e+00	-2.688737e-01	-4.619108e-01	1.930371e-01
353           	-3.273218e-01	1.463712e+00	-2.721369e-01	-4.633903e-01	1.912533e-01
354           	-3.275336e-01	1.465456e+00	-2.734399e-01	-4.642535e-01	1.908136e-01
355           	-3.279436e-01	1.468933e+00	-2.751120e-01	-4.654996e-01	1.903876e-01
356           	-3.286128e-01	1.470188e+00	-2.748860e-01	-4.660559e-01	1.911698e-01
357           	-3.295015e-01	1.471089e+00	-2.738202e-01	-4.664117e-01	1.925914e-01
358           	-3.305612e-01	1.471336e+00	-2.716561e-01	-4.663893e-01	1.947332e-01
359           	-3.318840e-01	1.470211e+00	-2.680871e-01	-4.659276e-01	1.978405e-01
360           	-3.332656e-01	1.466233e+00	-2.620244e-01	-4.642778e-01	2.022534e-01
361           	-3.343130e-01	1.464632e+00	-2.583152e-01	-4.634706e-01	2.051554e-01
362           	-3.357182e-01	1.459999e+00	-2.516549e-01	-4.615456e-01	2.098907e-01
363           	-3.366388e-01	1.457462e+00	-2.472863e-01	-4.602820e-01	2.129957e-01
364           	-3.376340e-01	1.451661e+00	-2.403092e-01	-4.577886e-01	2.174795e-01
365           	-3.379483e-01	1.449989e+00	-2.374298e-01	-4.566632e-01	2.192335e-01
366           	-3.381143e-01	1.447043e+00	-2.338475e-01	-4.550380e-01	2.211905e-01
367           	-3.377515e-01	1.446280e+00	-2.330396e-01	-4.542713e-01	2.212317e-01
368           	-3.370117e-01	1.446123e+00	-2.332509e-01	-4.536371e-01	2.203862e-01
369           	-3.358543e-01	1.446695e+00	-2.349880e-01	-4.533483e-01	2.183603e-01
370           	-3.342944e-01	1.448221e+00	-2.380971e-01	-4.533430e-01	2.152459e-01
371           	-3.325382e-01	1.451049e+00	-2.427183e-01	-4.538973e-01	2.111790e-01
372           	-3.305816e-01	1.457020e+00	-2.502424e-01	-4.557028e-01	2.054604e-01
373           	-3.294399e-01	1.459010e+00	-2.540615e-01	-4.564707e-01	2.024092e-01
374           	-3.278767e-01	1.463762e+00	-2.603206e-01	-4.580370e-01	1.977164e-01
375           	-3.268886e-01	1.467579e+00	-2.655061e-01	-4.596416e-01	1.941356e-01
376           	-3.262952e-01	1.471380e+00	-2.698945e-01	-4.612425e-01	1.913480e-01
377           	-3.261372e-01	1.474524e+00	-2.731940e-01	-4.627342e-01	1.895402e-01
378           	-3.263649e-01	1.476090e+00	-2.743683e-01	-4.635491e-01	1.891808e-01
379           	-3.267475e-01	1.478756e+00	-2.759649e-01	-4.647300e-01	1.887651e-01
380           	-3.274400e-01	1.479690e+00	-2.757059e-01	-4.652929e-01	1.895871e-01
381           	-3.284461e-01	1.479960e+00	-2.745972e-01	-4.657447e-01	1.911475e-01
382           	-3.295367e-01	1.479581e+00	-2.726029e-01	-4.658382e-01	1.932353e-01
383           	-3.309995e-01	1.475658e+00	-2.680425e-01	-4.650208e-01	1.969783e-01
384           	-3.321608e-01	1.474207e+00	-2.647611e-01	-4.645413e-01	1.997802e-01
385           	-3.337909e-01	1.468725e+00	-2.582514e-01	-4.629165e-01	2.046652e-01
386           	-3.348540e-01	1.465969e+00	-2.539698e-01	-4.618389e-01	2.078692e-01
387           	-3.361617e-01	1.459257e+00	-2.468518e-01	-4.595876e-01	2.127358e-01
388           	-3.367990e-01	1.456997e+00	-2.434233e-01	-4.585107e-01	2.150874e-01
389           	-3.375578e-01	1.451780e+00	-2.382725e-01	-4.566941e-01	2.184216e-01
390           	-3.375807e-01	1.449937e+00	-2.364708e-01	-4.558161e-01	2.193453e-01
391           	-3.373795e-01	1.448157e+00	-2.355713e-01	-4.551651e-01	2.195938e-01
392           	-3.367701e-01	1.446943e+00	-2.359617e-01	-4.547509e-01	2.187892e-01
393           	-3.357075e-01	1.446378e+00	-2.378534e-01	-4.546342e-01	2.167808e-01
394           	-3.342559e-01	1.446486e+00	-2.409774e-01	-4.547446e-01	2.137672e-01
395           	-3.325650e-01	1.447894e+00	-2.454546e-01	-4.552923e-01	2.098377e-01
396           	-3.307187e-01	1.452704e+00	-2.520831e-01	-4.567602e-01	2.046771e-01
397           	-3.295002e-01	1.453510e+00	-2.560963e-01	-4.575484e-01	2.014520e-01
398           	-3.281447e-01	1.457020e+00	-2.625484e-01	-4.594189e-01	1.968705e-01
399           	-3.273162e-01	1.459972e+00	-2.676692e-01	-4.611508e-01	1.934816e-01
400           	-3.269379e-01	1.462670e+00	-2.715484e-01	-4.627121e-01	1.911637e-01
401           	-3.270163e-01	1.463781e+00	-2.735737e-01	-4.638031e-01	1.902294e-01
402           	-3.274082e-01	1.466633e+00	-2.760091e-01	-4.654128e-01	1.894037e-01
403           	-3.280267e-01	1.467282e+00	-2.762894e-01	-4.661714e-01	1.898820e-01
404           	-3.288994e-01	1.467664e+00	-2.757981e-01	-4.667984e-01	1.910003e-01
405           	-3.301959e-01	1.467750e+00	-2.740750e-01	-4.672335e-01	1.931584e-01
406           	-3.313712e-01	1.467154e+00	-2.715281e-01	-4.671352e-01	1.956071e-01
407           	-3.327987e-01	1.464733e+00	-2.673605e-01	-4.664790e-01	1.991184e-01
408           	-3.343049e-01	1.459022e+00	-2.599824e-01	-4.642961e-01	2.043137e-01
409           	-3.353443e-01	1.457111e+00	-2.560980e-01	-4.633933e-01	2.072953e-01
410           	-3.367758e-01	1.452170e+00	-2.493556e-01	-4.614536e-01	2.120980e-01
411           	-3.377097e-01	1.449471e+00	-2.450355e-01	-4.602274e-01	2.151919e-01
412           	-3.386465e-01	1.442937e+00	-2.379157e-01	-4.576044e-01	2.196887e-01
413           	-3.389461e-01	1.441242e+00	-2.351633e-01	-4.565277e-01	2.213644e-01
414           	-3.390261e-01	1.438164e+00	-2.317386e-01	-4.548954e-01	2.231568e-01
415           	-3.386348e-01	1.437247e+00	-2.310678e-01	-4.541687e-01	2.231009e-01
416           	-3.378374e-01	1.436865e+00	-2.314484e-01	-4.535616e-01	2.221133e-01
417           	-3.366153e-01	1.437163e+00	-2.333977e-01	-4.533142e-01	2.199164e-01
418           	-3.350130e-01	1.438405e+00	-2.367811e-01	-4.534036e-01	2.166225e-01
419           	-3.332505e-01	1.440920e+00	-2.416463e-01	-4.540736e-01	2.124273e-01
420           	-3.313301e-01	1.446457e+00	-2.492311e-01	-4.559456e-01	2.067146e-01
421           	-3.302232e-01	1.448090e+00	-2.531450e-01	-4.567958e-01	2.036507e-01
422           	-3.287678e-01	1.452606e+00	-2.594015e-01	-4.584686e-01	1.990670e-01
423           	-3.278366e-01	1.456230e+00	-2.644255e-01	-4.600494e-01	1.956239e-01
424           	-3.272967e-01	1.459947e+00	-2.685257e-01	-4.615595e-01	1.930339e-01
425           	-3.272447e-01	1.461953e+00	-2.705477e-01	-4.625186e-01	1.919709e-01
426           	-3.272936e-01	1.466125e+00	-2.731743e-01	-4.638807e-01	1.907064e-01
427           	-3.277677e-01	1.467624e+00	-2.735175e-01	-4.645265e-01	1.910090e-01
428           	-3.284156e-01	1.469657e+00	-2.732723e-01	-4.650518e-01	1.917795e-01
429           	-3.292897e-01	1.470392e+00	-2.719771e-01	-4.652783e-01	1.933012e-01
430           	-3.303402e-01	1.470315e+00	-2.694219e-01	-4.650511e-01	1.956292e-01
431           	-3.317327e-01	1.467834e+00	-2.645311e-01	-4.639982e-01	1.994671e-01
432           	-3.327875e-01	1.466846e+00	-2.610409e-01	-4.633080e-01	2.022671e-01
433           	-3.342615e-01	1.462622e+00	-2.545506e-01	-4.615368e-01	2.069862e-01
434           	-3.352700e-01	1.460361e+00	-2.500807e-01	-4.603103e-01	2.102297e-01
435           	-3.364398e-01	1.454730e+00	-2.428911e-01	-4.578854e-01	2.149943e-01
436           	-3.369820e-01	1.453234e+00	-2.395432e-01	-4.567536e-01	2.172103e-01
437           	-3.375051e-01	1.449654e+00	-2.347437e-01	-4.548769e-01	2.201332e-01
438           	-3.374385e-01	1.448647e+00	-2.330201e-01	-4.539485e-01	2.209285e-01
439           	-3.370560e-01	1.447998e+00	-2.321691e-01	-4.531406e-01	2.209714e-01
440           	-3.362356e-01	1.447906e+00	-2.325739e-01	-4.525225e-01	2.199486e-01
441           	-3.349957e-01	1.448520e+00	-2.345350e-01	-4.522632e-01	2.177283e-01
442           	-3.333744e-01	1.449896e+00	-2.378601e-01	-4.523045e-01	2.144444e-01
443           	-3.315471e-01	1.452944e+00	-2.430108e-01	-4.530525e-01	2.100417e-01
444           	-3.296399e-01	1.458867e+00	-2.511054e-01	-4.551926e-01	2.040873e-01
445           	-3.285616e-01	1.460690e+00	-2.549970e-01	-4.560601e-01	2.010630e-01
446           	-3.271027e-01	1.465099e+00	-2.613278e-01	-4.577666e-01	1.964388e-01
447           	-3.261764e-01	1.468495e+00	-2.662869e-01	-4.593198e-01	1.930329e-01
448           	-3.257017e-01	1.471994e+00	-2.705268e-01	-4.609651e-01	1.904383e-01
449           	-3.256178e-01	1.474927e+00	-2.736093e-01	-4.624225e-01	1.888132e-01
450           	-3.259038e-01	1.476425e+00	-2.746741e-01	-4.632409e-01	1.885668e-01
451           	-3.264106e-01	1.479013e+00	-2.760115e-01	-4.644163e-01	1.884049e-01
452           	-3.271523e-01	1.479947e+00	-2.756005e-01	-4.649525e-01	1.893521e-01
453           	-3.282733e-01	1.480263e+00	-2.742073e-01	-4.653769e-01	1.911696e-01
454           	-3.294526e-01	1.479731e+00	-2.718290e-01	-4.653671e-01	1.935381e-01
455           	-3.310001e-01	1.475796e+00	-2.668831e-01	-4.644416e-01	1.975585e-01
456           	-3.321486e-01	1.474323e+00	-2.635445e-01	-4.639208e-01	2.003764e-01
457           	-3.338130e-01	1.469042e+00	-2.570325e-01	-4.623293e-01	2.052967e-01
458           	-3.349013e-01	1.466156e+00	-2.526743e-01	-4.612384e-01	2.085641e-01
459           	-3.362490e-01	1.459265e+00	-2.453689e-01	-4.589335e-01	2.135646e-01
460           	-3.368712e-01	1.457009e+00	-2.421341e-01	-4.579382e-01	2.158041e-01
461           	-3.375463e-01	1.451963e+00	-2.372981e-01	-4.561954e-01	2.188972e-01
462           	-3.375273e-01	1.450141e+00	-2.357570e-01	-4.554058e-01	2.196489e-01
463           	-3.372481e-01	1.448400e+00	-2.351823e-01	-4.548392e-01	2.196569e-01
464           	-3.365403e-01	1.447251e+00	-2.359334e-01	-4.545070e-01	2.185736e-01
465           	-3.353937e-01	1.446796e+00	-2.381952e-01	-4.544913e-01	2.162961e-01
466           	-3.338755e-01	1.447029e+00	-2.416810e-01	-4.547160e-01	2.130350e-01
467           	-3.320150e-01	1.451023e+00	-2.478006e-01	-4.559153e-01	2.081147e-01
468           	-3.306378e-01	1.451774e+00	-2.518180e-01	-4.565468e-01	2.047288e-01
469           	-3.290666e-01	1.455230e+00	-2.587144e-01	-4.584238e-01	1.997094e-01
470           	-3.279272e-01	1.458660e+00	-2.646756e-01	-4.602650e-01	1.955894e-01
471           	-3.273277e-01	1.461540e+00	-2.694680e-01	-4.620617e-01	1.925936e-01
472           	-3.271415e-01	1.463827e+00	-2.729439e-01	-4.636134e-01	1.906696e-01
473           	-3.273252e-01	1.464921e+00	-2.747795e-01	-4.647150e-01	1.899355e-01
474           	-3.278692e-01	1.467778e+00	-2.769948e-01	-4.663666e-01	1.893717e-01
475           	-3.285490e-01	1.468428e+00	-2.771063e-01	-4.671022e-01	1.899958e-01
476           	-3.295131e-01	1.468726e+00	-2.764295e-01	-4.677279e-01	1.912984e-01
477           	-3.306933e-01	1.468497e+00	-2.747026e-01	-4.680445e-01	1.933420e-01
478           	-3.320337e-01	1.467523e+00	-2.716831e-01	-4.678753e-01	1.961922e-01
479           	-3.336378e-01	1.463119e+00	-2.649414e-01	-4.661085e-01	2.011671e-01
480           	-3.346945e-01	1.461501e+00	-2.612396e-01	-4.653143e-01	2.040747e-01
481           	-3.361926e-01	1.456075e+00	-2.542329e-01	-4.633090e-01	2.090761e-01
482           	-3.371862e-01	1.453233e+00	-2.496116e-01	-4.619920e-01	2.123803e-01
483           	-3.383258e-01	1.446604e+00	-2.420571e-01	-4.593543e-01	2.172972e-01
484           	-3.388128e-01	1.444633e+00	-2.386385e-01	-4.581321e-01	2.194935e-01
485           	-3.392176e-01	1.440174e+00	-2.337063e-01	-4.560708e-01	2.223645e-01
486           	-3.390650e-01	1.438846e+00	-2.321096e-01	-4.551198e-01	2.230102e-01
487           	-3.386127e-01	1.437898e+00	-2.314358e-01	-4.543306e-01	2.228948e-01
488           	-3.377098e-01	1.437577e+00	-2.320668e-01	-4.537432e-01	2.216764e-01
489           	-3.364031e-01	1.438063e+00	-2.343456e-01	-4.535759e-01	2.192303e-01
490           	-3.347521e-01	1.439685e+00	-2.382031e-01	-4.538537e-01	2.156506e-01
491           	-3.328047e-01	1.444674e+00	-2.456333e-01	-4.556214e-01	2.099881e-01
492           	-3.315617e-01	1.446303e+00	-2.495748e-01	-4.563491e-01	2.067743e-01
493           	-3.299369e-01	1.450785e+00	-2.562921e-01	-4.580829e-01	2.017908e-01
494           	-3.287097e-01	1.454954e+00	-2.622131e-01	-4.598162e-01	1.976031e-01
495           	-3.279877e-01	1.458727e+00	-2.671388e-01	-4.615571e-01	1.944183e-01
496           	-3.276661e-01	1.461877e+00	-2.707109e-01	-4.630216e-01	1.923107e-01
497           	-3.276215e-01	1.464839e+00	-2.734105e-01	-4.643268e-01	1.909163e-01
498           	-3.279103e-01	1.466475e+00	-2.743143e-01	-4.650675e-01	1.907531e-01
499           	-3.283744e-01	1.469232e+00	-2.752483e-01	-4.659985e-01	1.907503e-01
500           	-3.290660e-01	1.470203e+00	-2.746229e-01	-4.663775e-01	1.917546e-01
501           	-3.300011e-01	1.470683e+00	-2.730661e-01	-4.665342e-01	1.934681e-01
502           	-3.311075e-01	1.470201e+00	-2.702706e-01	-4.662428e-01	1.959722e-01
503           	-3.325406e-01	1.467075e+00	-2.648545e-01	-4.649679e-01	2.001134e-01
504           	-3.336104e-01	1.465708e+00	-2.612586e-01	-4.642397e-01	2.029811e-01
505           	-3.351137e-01	1.460839e+00	-2.544658e-01	-4.623466e-01	2.078808e-01
506           	-3.360818e-01	1.458247e+00	-2.499968e-01	-4.610802e-01	2.110834e-01
507           	-3.372297e-01	1.452434e+00	-2.427213e-01	-4.585903e-01	2.158690e-01
508           	-3.376780e-01	1.450703e+00	-2.394665e-01	-4.574113e-01	2.179447e-01
509           	-3.381250e-01	1.447165e+00	-2.349540e-01	-4.556020e-01	2.206480e-01
510           	-3.379376e-01	1.446113e+00	-2.334539e-01	-4.546645e-01	2.212106e-01
511           	-3.374610e-01	1.445617e+00	-2.329528e-01	-4.539374e-01	2.209846e-01
512           	-3.364973e-01	1.445821e+00	-2.338384e-01	-4.534165e-01	2.195781e-01
513           	-3.351792e-01	1.446823e+00	-2.360771e-01	-4.532177e-01	2.171406e-01
514           	-3.334904e-01	1.448976e+00	-2.397189e-01	-4.533499e-01	2.136309e-01
515           	-3.316882e-01	1.452425e+00	-2.447778e-01	-4.540771e-01	2.092993e-01
516           	-3.298208e-01	1.458785e+00	-2.524695e-01	-4.560556e-01	2.035860e-01
517           	-3.287768e-01	1.460847e+00	-2.561773e-01	-4.568655e-01	2.006882e-01
518           	-3.273915e-01	1.465578e+00	-2.621703e-01	-4.584766e-01	1.963064e-01
519           	-3.265858e-01	1.469311e+00	-2.668920e-01	-4.600318e-01	1.931398e-01
520           	-3.261957e-01	1.472803e+00	-2.707173e-01	-4.615543e-01	1.908371e-01
521           	-3.262730e-01	1.474721e+00	-2.725332e-01	-4.625396e-01	1.900063e-01
522           	-3.264523e-01	1.478032e+00	-2.749575e-01	-4.639311e-01	1.889736e-01
523           	-3.270706e-01	1.479197e+00	-2.751611e-01	-4.646512e-01	1.894901e-01
524           	-3.278550e-01	1.479788e+00	-2.746091e-01	-4.651596e-01	1.905505e-01
525           	-3.289703e-01	1.479672e+00	-2.731414e-01	-4.655409e-01	1.923996e-01
526           	-3.301339e-01	1.478938e+00	-2.707428e-01	-4.655053e-01	1.947625e-01
527           	-3.315204e-01	1.476197e+00	-2.668154e-01	-4.649281e-01	1.981127e-01
528           	-3.329790e-01	1.470224e+00	-2.605412e-01	-4.632496e-01	2.027084e-01
529           	-3.340058e-01	1.468150e+00	-2.568202e-01	-4.624159e-01	2.055956e-01
530           	-3.354125e-01	1.462706e+00	-2.503609e-01	-4.605929e-01	2.102320e-01
531           	-3.362750e-01	1.459847e+00	-2.463523e-01	-4.594512e-01	2.130989e-01
532           	-3.372291e-01	1.453537e+00	-2.401602e-01	-4.573091e-01	2.171490e-01
533           	-3.374686e-01	1.451707e+00	-2.378412e-01	-4.563892e-01	2.185480e-01
534           	-3.375015e-01	1.448319e+00	-2.352037e-01	-4.551034e-01	2.198996e-01
535           	-3.370094e-01	1.447276e+00	-2.351499e-01	-4.545844e-01	2.194345e-01
536           	-3.361389e-01	1.446656e+00	-2.363412e-01	-4.543095e-01	2.179683e-01
537           	-3.348550e-01	1.446667e+00	-2.390420e-01	-4.543760e-01	2.153340e-01
538           	-3.332304e-01	1.447648e+00	-2.430689e-01	-4.547648e-01	2.116960e-01
539           	-3.315084e-01	1.449697e+00	-2.481104e-01	-4.555635e-01	2.074532e-01
540           	-3.297480e-01	1.454456e+00	-2.548897e-01	-4.571928e-01	2.023032e-01
541           	-3.286846e-01	1.455419e+00	-2.587933e-01	-4.580812e-01	1.992879e-01
542           	-3.275147e-01	1.458961e+00	-2.648391e-01	-4.599343e-01	1.950952e-01
543           	-3.268542e-01	1.461659e+00	-2.693411e-01	-4.615248e-01	1.921837e-01
544           	-3.266322e-01	1.464100e+00	-2.727185e-01	-4.629914e-01	1.902729e-01
545           	-3.268130e-01	1.465140e+00	-2.743194e-01	-4.639727e-01	1.896533e-01
546           	-3.273387e-01	1.467715e+00	-2.761777e-01	-4.654275e-01	1.892498e-01
547           	-3.280059e-01	1.468337e+00	-2.761197e-01	-4.660657e-01	1.899460e-01
548           	-3.289534e-01	1.468628e+00	-2.752684e-01	-4.665876e-01	1.913192e-01
549           	-3.303637e-01	1.468457e+00	-2.728668e-01	-4.667971e-01	1.939303e-01
550           	-3.315450e-01	1.467448e+00	-2.698806e-01	-4.664853e-01	1.966047e-01
551           	-3.331722e-01	1.462906e+00	-2.635158e-01	-4.649301e-01	2.014143e-01
552           	-3.342628e-01	1.461223e+00	-2.598441e-01	-4.641849e-01	2.043408e-01
553           	-3.358689e-01	1.456138e+00	-2.529862e-01	-4.623620e-01	2.093758e-01
554           	-3.368687e-01	1.453473e+00	-2.485489e-01	-4.611432e-01	2.125943e-01
555           	-3.380596e-01	1.447197e+00	-2.412441e-01	-4.586817e-01	2.174375e-01
556           	-3.385501e-01	1.445348e+00	-2.380507e-01	-4.575755e-01	2.195248e-01
557           	-3.389783e-01	1.441416e+00	-2.335541e-01	-4.557554e-01	2.222013e-01
558           	-3.388024e-01	1.440226e+00	-2.321836e-01	-4.548942e-01	2.227105e-01
559           	-3.383081e-01	1.439390e+00	-2.317716e-01	-4.541939e-01	2.224223e-01
560           	-3.373515e-01	1.439165e+00	-2.326640e-01	-4.536835e-01	2.210195e-01
561           	-3.359727e-01	1.439652e+00	-2.351365e-01	-4.535409e-01	2.184044e-01
562           	-3.342207e-01	1.441296e+00	-2.391392e-01	-4.537903e-01	2.146511e-01
563           	-3.322243e-01	1.446156e+00	-2.464273e-01	-4.554379e-01	2.090107e-01
564           	-3.309484e-01	1.447605e+00	-2.503491e-01	-4.561229e-01	2.057738e-01
565           	-3.293010e-01	1.451798e+00	-2.569469e-01	-4.577745e-01	2.008276e-01
566           	-3.281016e-01	1.455416e+00	-2.625322e-01	-4.593677e-01	1.968355e-01
567           	-3.273903e-01	1.459028e+00	-2.673355e-01	-4.610580e-01	1.937225e-01
568           	-3.271158e-01	1.462041e+00	-2.707477e-01	-4.624897e-01	1.917420e-01
569           	-3.272063e-01	1.463669e+00	-2.723313e-01	-4.633719e-01	1.910406e-01
570           	-3.274874e-01	1.467389e+00	-2.745365e-01	-4.647556e-01	1.902191e-01
571           	-3.280865e-01	1.468696e+00	-2.745669e-01	-4.653700e-01	1.908031e-01
572           	-3.289585e-01	1.470234e+00	-2.738046e-01	-4.658608e-01	1.920562e-01
573           	-3.299699e-01	1.470673e+00	-2.720534e-01	-4.659966e-01	1.939432e-01
574           	-3.311869e-01	1.470024e+00	-2.688477e-01	-4.656108e-01	1.967631e-01
575           	-3.326538e-01	1.466595e+00	-2.630293e-01	-4.641684e-01	2.011391e-01
576           	-3.337526e-01	1.465447e+00	-2.593050e-01	-4.634052e-01	2.041001e-01
577           	-3.352357e-01	1.461289e+00	-2.526853e-01	-4.615784e-01	2.088930e-01
578           	-3.362459e-01	1.458835e+00	-2.480959e-01	-4.602938e-01	2.121980e-01
579           	-3.373614e-01	1.453160e+00	-2.410210e-01	-4.578719e-01	2.168509e-01
580           	-3.378312e-01	1.451724e+00	-2.379341e-01	-4.567983e-01	2.188641e-01
581           	-3.381551e-01	1.448185e+00	-2.337043e-01	-4.550072e-01	2.213029e-01
582           	-3.379533e-01	1.447289e+00	-2.325436e-01	-4.542251e-01	2.216815e-01
583           	-3.374094e-01	1.446737e+00	-2.323695e-01	-4.535941e-01	2.212246e-01
584           	-3.363658e-01	1.446717e+00	-2.336163e-01	-4.531739e-01	2.195576e-01
585           	-3.349726e-01	1.447406e+00	-2.363285e-01	-4.531368e-01	2.168083e-01
586           	-3.332673e-01	1.449461e+00	-2.407325e-01	-4.536335e-01	2.129010e-01
587           	-3.313869e-01	1.454657e+00	-2.485878e-01	-4.556808e-01	2.070930e-01
588           	-3.301871e-01	1.456250e+00	-2.525630e-01	-4.564686e-01	2.039057e-01
589           	-3.286504e-01	1.460416e+00	-2.592350e-01	-4.582679e-01	1.990329e-01
590           	-3.274909e-01	1.463836e+00	-2.647184e-01	-4.598501e-01	1.951317e-01
591           	-3.268215e-01	1.467391e+00	-2.695924e-01	-4.616177e-01	1.920253e-01
592           	-3.265797e-01	1.470334e+00	-2.730968e-01	-4.631281e-01	1.900313e-01
593           	-3.266756e-01	1.472796e+00	-2.755404e-01	-4.644458e-01	1.889054e-01
594           	-3.270607e-01	1.474089e+00	-2.762159e-01	-4.651686e-01	1.889527e-01
595           	-3.277064e-01	1.475946e+00	-2.767890e-01	-4.661009e-01	1.893118e-01
596           	-3.285149e-01	1.476536e+00	-2.759516e-01	-4.664907e-01	1.905391e-01
597           	-3.297348e-01	1.476049e+00	-2.737290e-01	-4.665993e-01	1.928703e-01
598           	-3.309320e-01	1.474934e+00	-2.708421e-01	-4.663530e-01	1.955109e-01
599           	-3.324814e-01	1.469910e+00	-2.648318e-01	-4.648973e-01	2.000655e-01
600           	-3.335765e-01	1.468022e+00	-2.612048e-01	-4.641789e-01	2.029741e-01
601           	-3.351693e-01	1.462455e+00	-2.543441e-01	-4.623413e-01	2.079972e-01
602           	-3.363184e-01	1.457502e+00	-2.482120e-01	-4.604244e-01	2.122124e-01
603           	-3.370933e-01	1.454706e+00	-2.444883e-01	-4.593375e-01	2.148492e-01
604           	-3.379333e-01	1.448874e+00	-2.386758e-01	-4.572712e-01	2.185954e-01
605           	-3.381161e-01	1.446712e+00	-2.365567e-01	-4.563944e-01	2.198377e-01
606           	-3.380667e-01	1.443582e+00	-2.342153e-01	-4.551744e-01	2.209590e-01
607           	-3.375342e-01	1.442527e+00	-2.344518e-01	-4.547601e-01	2.203084e-01
608           	-3.366160e-01	1.442068e+00	-2.360323e-01	-4.546321e-01	2.185998e-01
609           	-3.351524e-01	1.443515e+00	-2.396675e-01	-4.549862e-01	2.153187e-01
610           	-3.336720e-01	1.444025e+00	-2.431432e-01	-4.552436e-01	2.121004e-01
611           	-3.318864e-01	1.448772e+00	-2.500592e-01	-4.569160e-01	2.068568e-01
612           	-3.306135e-01	1.449981e+00	-2.542974e-01	-4.577621e-01	2.034648e-01
613           	-3.292415e-01	1.454506e+00	-2.612477e-01	-4.598654e-01	1.986176e-01
614           	-3.283637e-01	1.457620e+00	-2.663046e-01	-4.615160e-01	1.952114e-01
615           	-3.279918e-01	1.459217e+00	-2.692749e-01	-4.626292e-01	1.933543e-01
616           	-3.278046e-01	1.463137e+00	-2.734011e-01	-4.645051e-01	1.911040e-01
617           	-3.279949e-01	1.464396e+00	-2.747101e-01	-4.653499e-01	1.906398e-01
618           	-3.284621e-01	1.466808e+00	-2.759733e-01	-4.664488e-01	1.904755e-01
619           	-3.291134e-01	1.467514e+00	-2.755097e-01	-4.668683e-01	1.913586e-01
620           	-3.299687e-01	1.467681e+00	-2.740380e-01	-4.669876e-01	1.929497e-01
621           	-3.310477e-01	1.467245e+00	-2.714934e-01	-4.667944e-01	1.953009e-01
622           	-3.323168e-01	1.465665e+00	-2.674805e-01	-4.660571e-01	1.985766e-01
623           	-3.337158e-01	1.461074e+00	-2.607793e-01	-4.641055e-01	2.033261e-01
624           	-3.347354e-01	1.459675e+00	-2.569848e-01	-4.632278e-01	2.062430e-01
625           	-3.361682e-01	1.455085e+00	-2.502269e-01	-4.612816e-01	2.110547e-01
626           	-3.371399e-01	1.452551e+00	-2.457242e-01	-4.600020e-01	2.142778e-01
627           	-3.381821e-01	1.446145e+00	-2.386017e-01	-4.574830e-01	2.188812e-01
628           	-3.386051e-01	1.444627e+00	-2.356879e-01	-4.564490e-01	2.207611e-01
629           	-3.389038e-01	1.441219e+00	-2.319535e-01	-4.548805e-01	2.229270e-01
630           	-3.386201e-01	1.440357e+00	-2.310163e-01	-4.541282e-01	2.231119e-01
631           	-3.380111e-01	1.439850e+00	-2.311261e-01	-4.535741e-01	2.224481e-01
632           	-3.368791e-01	1.439948e+00	-2.327103e-01	-4.532343e-01	2.205240e-01
633           	-3.354005e-01	1.440804e+00	-2.357745e-01	-4.532877e-01	2.175133e-01
634           	-3.336017e-01	1.443169e+00	-2.405626e-01	-4.538830e-01	2.133204e-01
635           	-3.316979e-01	1.448446e+00	-2.486186e-01	-4.560073e-01	2.073886e-01
636           	-3.305277e-01	1.450184e+00	-2.525669e-01	-4.568112e-01	2.042442e-01
637           	-3.289653e-01	1.454542e+00	-2.590155e-01	-4.584730e-01	1.994576e-01
638           	-3.278343e-01	1.457946e+00	-2.641467e-01	-4.599077e-01	1.957610e-01
639           	-3.271961e-01	1.461557e+00	-2.686621e-01	-4.615272e-01	1.928651e-01
640           	-3.269117e-01	1.464621e+00	-2.718870e-01	-4.628552e-01	1.909682e-01
641           	-3.270949e-01	1.466139e+00	-2.731697e-01	-4.636797e-01	1.905101e-01
642           	-3.273524e-01	1.469149e+00	-2.746371e-01	-4.646709e-01	1.900338e-01
643           	-3.280114e-01	1.470086e+00	-2.743888e-01	-4.652058e-01	1.908170e-01
644           	-3.288309e-01	1.470526e+00	-2.732357e-01	-4.654488e-01	1.922131e-01
645           	-3.300268e-01	1.470055e+00	-2.704579e-01	-4.652558e-01	1.947979e-01
646           	-3.311709e-01	1.468974e+00	-2.674821e-01	-4.649119e-01	1.974298e-01
647           	-3.326665e-01	1.464086e+00	-2.612425e-01	-4.632878e-01	2.020453e-01
648           	-3.337176e-01	1.462223e+00	-2.575643e-01	-4.624998e-01	2.049355e-01
649           	-3.352404e-01	1.457152e+00	-2.509387e-01	-4.607098e-01	2.097711e-01
650           	-3.361725e-01	1.454535e+00	-2.468611e-01	-4.596030e-01	2.127419e-01
651           	-3.373508e-01	1.448898e+00	-2.403147e-01	-4.575081e-01	2.171934e-01
652           	-3.377735e-01	1.447135e+00	-2.375951e-01	-4.565711e-01	2.189760e-01
653           	-3.382310e-01	1.444031e+00	-2.341436e-01	-4.553028e-01	2.211592e-01
654           	-3.379946e-01	1.443100e+00	-2.333699e-01	-4.546795e-01	2.213096e-01
655           	-3.375082e-01	1.442798e+00	-2.337939e-01	-4.544052e-01	2.206112e-01
656           	-3.365278e-01	1.443204e+00	-2.355909e-01	-4.543232e-01	2.187323e-01
657           	-3.351950e-01	1.444474e+00	-2.387137e-01	-4.545518e-01	2.158382e-01
658           	-3.335497e-01	1.446904e+00	-2.430095e-01	-4.550544e-01	2.120449e-01
659           	-3.317423e-01	1.452611e+00	-2.498157e-01	-4.566502e-01	2.068345e-01
660           	-3.304629e-01	1.454053e+00	-2.534655e-01	-4.571956e-01	2.037301e-01
661           	-3.289343e-01	1.458397e+00	-2.596965e-01	-4.587826e-01	1.990861e-01
662           	-3.278410e-01	1.461895e+00	-2.646269e-01	-4.601544e-01	1.955275e-01
663           	-3.272023e-01	1.465366e+00	-2.686524e-01	-4.615285e-01	1.928761e-01
664           	-3.269793e-01	1.467166e+00	-2.704430e-01	-4.622008e-01	1.917578e-01
665           	-3.269326e-01	1.470879e+00	-2.729070e-01	-4.633861e-01	1.904791e-01
666           	-3.272978e-01	1.472258e+00	-2.730377e-01	-4.638166e-01	1.907790e-01
667           	-3.278361e-01	1.473531e+00	-2.724450e-01	-4.640586e-01	1.916136e-01
668           	-3.285704e-01	1.474370e+00	-2.710188e-01	-4.640798e-01	1.930610e-01
669           	-3.295619e-01	1.474593e+00	-2.688061e-01	-4.639649e-01	1.951588e-01
670           	-3.307601e-01	1.473480e+00	-2.654732e-01	-4.634967e-01	1.980234e-01
671           	-3.321349e-01	1.469113e+00	-2.606922e-01	-4.624810e-01	2.017887e-01
672           	-3.333117e-01	1.467922e+00	-2.571912e-01	-4.619072e-01	2.047161e-01
673           	-3.347884e-01	1.463108e+00	-2.508275e-01	-4.602022e-01	2.093747e-01
674           	-3.357851e-01	1.460607e+00	-2.466752e-01	-4.591227e-01	2.124474e-01
675           	-3.368265e-01	1.454269e+00	-2.403894e-01	-4.570212e-01	2.166318e-01
676           	-3.372839e-01	1.452744e+00	-2.378869e-01	-4.562273e-01	2.183404e-01
677           	-3.375623e-01	1.449352e+00	-2.347814e-01	-4.549530e-01	2.201716e-01
678           	-3.372990e-01	1.448315e+00	-2.342628e-01	-4.544304e-01	2.201677e-01
679           	-3.366816e-01	1.447526e+00	-2.348482e-01	-4.541057e-01	2.192575e-01
680           	-3.355766e-01	1.447302e+00	-2.369025e-01	-4.540278e-01	2.171253e-01
681           	-3.341086e-01	1.447664e+00	-2.403009e-01	-4.542590e-01	2.139581e-01
682           	-3.323837e-01	1.449464e+00	-2.451879e-01	-4.549776e-01	2.097897e-01
683           	-3.305670e-01	1.454209e+00	-2.524053e-01	-4.567696e-01	2.043643e-01
684           	-3.293931e-01	1.455084e+00	-2.563669e-01	-4.575766e-01	2.012097e-01
685           	-3.280189e-01	1.458503e+00	-2.627925e-01	-4.594151e-01	1.966226e-01
686           	-3.270949e-01	1.461022e+00	-2.676289e-01	-4.609094e-01	1.932805e-01
687           	-3.266684e-01	1.463648e+00	-2.716378e-01	-4.624873e-01	1.908494e-01
688           	-3.266316e-01	1.464664e+00	-2.736342e-01	-4.634487e-01	1.898145e-01
689           	-3.269699e-01	1.467486e+00	-2.762317e-01	-4.650858e-01	1.888541e-01
690           	-3.275000e-01	1.468038e+00	-2.765714e-01	-4.657857e-01	1.892143e-01
691           	-3.283564e-01	1.468367e+00	-2.762924e-01	-4.665027e-01	1.902102e-01
692           	-3.296419e-01	1.468615e+00	-2.746241e-01	-4.669540e-01	1.923298e-01
693           	-3.308351e-01	1.467721e+00	-2.721114e-01	-4.668908e-01	1.947793e-01
694           	-3.323307e-01	1.465356e+00	-2.680049e-01	-4.663331e-01	1.983282e-01
695           	-3.340144e-01	1.460189e+00	-2.604675e-01	-4.642481e-01	2.037806e-01
696           	-3.350499e-01	1.458133e+00	-2.567654e-01	-4.634326e-01	2.066672e-01
697           	-3.366859e-01	1.453336e+00	-2.500849e-01	-4.617284e-01	2.116434e-01
698           	-3.376395e-01	1.450787e+00	-2.458231e-01	-4.605511e-01	2.147280e-01
699           	-3.387062e-01	1.444401e+00	-2.383767e-01	-4.578946e-01	2.195179e-01
700           	-3.389361e-01	1.442882e+00	-2.355741e-01	-4.567232e-01	2.211491e-01
701           	-3.389658e-01	1.441196e+00	-2.330476e-01	-4.554896e-01	2.224420e-01
702           	-3.385283e-01	1.439957e+00	-2.315726e-01	-4.543146e-01	2.227420e-01
703           	-3.376957e-01	1.439523e+00	-2.314680e-01	-4.534297e-01	2.219617e-01
704           	-3.363695e-01	1.439970e+00	-2.328836e-01	-4.528113e-01	2.199277e-01
705           	-3.346917e-01	1.441365e+00	-2.357035e-01	-4.525435e-01	2.168399e-01
706           	-3.327430e-01	1.444278e+00	-2.402299e-01	-4.528580e-01	2.126281e-01
707           	-3.307025e-01	1.450497e+00	-2.482759e-01	-4.548404e-01	2.065645e-01
708           	-3.295840e-01	1.452600e+00	-2.521307e-01	-4.556493e-01	2.035186e-01
709           	-3.281123e-01	1.457294e+00	-2.585598e-01	-4.573922e-01	1.988324e-01
710           	-3.271566e-01	1.461199e+00	-2.638952e-01	-4.591042e-01	1.952090e-01
711           	-3.267289e-01	1.464846e+00	-2.684312e-01	-4.609445e-01	1.925133e-01
712           	-3.267175e-01	1.466740e+00	-2.705287e-01	-4.619818e-01	1.914531e-01
713           	-3.268295e-01	1.470375e+00	-2.738519e-01	-4.637555e-01	1.899036e-01
714           	-3.273690e-01	1.471684e+00	-2.743736e-01	-4.645558e-01	1.901822e-01
715           	-3.281040e-01	1.472698e+00	-2.743412e-01	-4.652746e-01	1.909334e-01
716           	-3.289939e-01	1.473243e+00	-2.734446e-01	-4.657163e-01	1.922716e-01
717           	-3.301516e-01	1.473172e+00	-2.716671e-01	-4.659851e-01	1.943180e-01
718           	-3.314865e-01	1.471390e+00	-2.683418e-01	-4.656574e-01	1.973156e-01
719           	-3.329288e-01	1.466708e+00	-2.627959e-01	-4.643267e-01	2.015309e-01
720           	-3.339749e-01	1.464819e+00	-2.590671e-01	-4.635085e-01	2.044413e-01
721           	-3.354247e-01	1.459738e+00	-2.523245e-01	-4.615869e-01	2.092624e-01
722           	-3.363187e-01	1.457079e+00	-2.480420e-01	-4.603397e-01	2.122977e-01
723           	-3.373073e-01	1.451355e+00	-2.411444e-01	-4.578795e-01	2.167352e-01
724           	-3.376295e-01	1.449560e+00	-2.383726e-01	-4.568158e-01	2.184432e-01
725           	-3.377417e-01	1.447726e+00	-2.360035e-01	-4.557434e-01	2.197399e-01
726           	-3.374341e-01	1.446078e+00	-2.346541e-01	-4.547612e-01	2.201070e-01
727           	-3.367736e-01	1.445158e+00	-2.347138e-01	-4.541305e-01	2.194167e-01
728           	-3.356601e-01	1.444968e+00	-2.362510e-01	-4.537856e-01	2.175346e-01
729           	-3.341999e-01	1.445536e+00	-2.391579e-01	-4.537788e-01	2.146209e-01
730           	-3.324951e-01	1.447598e+00	-2.436738e-01	-4.543320e-01	2.106582e-01
731           	-3.307011e-01	1.452855e+00	-2.508506e-01	-4.561263e-01	2.052758e-01
732           	-3.295672e-01	1.454048e+00	-2.547910e-01	-4.569627e-01	2.021717e-01
733           	-3.282342e-01	1.457829e+00	-2.613684e-01	-4.589183e-01	1.975500e-01
734           	-3.273427e-01	1.460870e+00	-2.665909e-01	-4.606381e-01	1.940472e-01
735           	-3.269599e-01	1.463839e+00	-2.709715e-01	-4.624456e-01	1.914741e-01
736           	-3.269694e-01	1.465211e+00	-2.731048e-01	-4.635218e-01	1.904170e-01
737           	-3.273518e-01	1.468445e+00	-2.762527e-01	-4.654781e-01	1.892254e-01
738           	-3.279242e-01	1.469402e+00	-2.767201e-01	-4.662843e-01	1.895641e-01
739           	-3.289794e-01	1.470555e+00	-2.768331e-01	-4.673960e-01	1.905629e-01
740           	-3.300032e-01	1.470709e+00	-2.754835e-01	-4.677450e-01	1.922615e-01
741           	-3.313521e-01	1.469841e+00	-2.728604e-01	-4.677823e-01	1.949219e-01
742           	-3.330297e-01	1.466372e+00	-2.670465e-01	-4.665529e-01	1.995064e-01
743           	-3.340997e-01	1.464813e+00	-2.634129e-01	-4.658062e-01	2.023933e-01
744           	-3.356962e-01	1.459657e+00	-2.565237e-01	-4.639581e-01	2.074343e-01
745           	-3.367180e-01	1.456813e+00	-2.518734e-01	-4.626547e-01	2.107813e-01
746           	-3.379231e-01	1.450291e+00	-2.440119e-01	-4.599291e-01	2.159171e-01
747           	-3.384136e-01	1.448114e+00	-2.404588e-01	-4.586430e-01	2.181842e-01
748           	-3.388446e-01	1.443332e+00	-2.349530e-01	-4.563211e-01	2.213681e-01
749           	-3.387077e-01	1.441760e+00	-2.330802e-01	-4.552478e-01	2.221677e-01
750           	-3.382266e-01	1.440564e+00	-2.319336e-01	-4.541934e-01	2.222598e-01
751           	-3.373728e-01	1.440017e+00	-2.320748e-01	-4.534102e-01	2.213354e-01
752           	-3.360597e-01	1.440244e+00	-2.336997e-01	-4.529095e-01	2.192098e-01
753           	-3.344366e-01	1.441621e+00	-2.368716e-01	-4.528724e-01	2.160008e-01
754           	-3.326212e-01	1.444409e+00	-2.415961e-01	-4.534193e-01	2.118231e-01
755           	-3.307724e-01	1.450318e+00	-2.492891e-01	-4.554169e-01	2.061278e-01
756           	-3.296831e-01	1.452198e+00	-2.532673e-01	-4.563168e-01	2.030495e-01
757           	-3.283292e-01	1.456730e+00	-2.598250e-01	-4.582418e-01	1.984167e-01
758           	-3.274714e-01	1.460322e+00	-2.650804e-01	-4.600116e-01	1.949311e-01
759           	-3.270742e-01	1.463831e+00	-2.695216e-01	-4.618350e-01	1.923134e-01
760           	-3.270769e-01	1.465709e+00	-2.715962e-01	-4.628750e-01	1.912788e-01
761           	-3.272850e-01	1.469134e+00	-2.746435e-01	-4.646067e-01	1.899632e-01
762           	-3.278077e-01	1.470403e+00	-2.750338e-01	-4.653246e-01	1.902908e-01
763           	-3.285495e-01	1.471255e+00	-2.747249e-01	-4.659120e-01	1.911871e-01
764           	-3.295603e-01	1.471631e+00	-2.735601e-01	-4.663403e-01	1.927802e-01
765           	-3.306889e-01	1.471017e+00	-2.712491e-01	-4.663134e-01	1.950644e-01
766           	-3.320675e-01	1.466644e+00	-2.662180e-01	-4.651765e-01	1.989585e-01
767           	-3.331944e-01	1.464947e+00	-2.626844e-01	-4.645366e-01	2.018522e-01
768           	-3.347106e-01	1.459594e+00	-2.557924e-01	-4.626068e-01	2.068144e-01
769           	-3.357737e-01	1.456449e+00	-2.510974e-01	-4.613224e-01	2.102251e-01
770           	-3.369238e-01	1.449584e+00	-2.433910e-01	-4.586193e-01	2.152283e-01
771           	-3.375352e-01	1.447307e+00	-2.399467e-01	-4.575086e-01	2.175619e-01
772           	-3.380842e-01	1.442425e+00	-2.346026e-01	-4.553855e-01	2.207828e-01
773           	-3.380782e-01	1.440633e+00	-2.328430e-01	-4.544997e-01	2.216566e-01
774           	-3.377200e-01	1.439122e+00	-2.318951e-01	-4.536676e-01	2.217725e-01
775           	-3.369995e-01	1.438293e+00	-2.323453e-01	-4.531721e-01	2.208268e-01
776           	-3.357856e-01	1.438210e+00	-2.342610e-01	-4.529161e-01	2.186551e-01
777           	-3.342548e-01	1.438958e+00	-2.375999e-01	-4.530548e-01	2.154549e-01
778           	-3.324895e-01	1.441490e+00	-2.425591e-01	-4.537690e-01	2.112100e-01
779           	-3.307276e-01	1.447325e+00	-2.499852e-01	-4.557202e-01	2.057350e-01
780           	-3.296080e-01	1.448664e+00	-2.540795e-01	-4.566477e-01	2.025682e-01
781           	-3.283741e-01	1.453251e+00	-2.608181e-01	-4.587831e-01	1.979650e-01
782           	-3.277224e-01	1.455445e+00	-2.647467e-01	-4.600958e-01	1.953491e-01
783           	-3.272864e-01	1.460410e+00	-2.700125e-01	-4.622926e-01	1.922801e-01
784           	-3.273371e-01	1.462106e+00	-2.719458e-01	-4.633100e-01	1.913642e-01
785           	-3.276831e-01	1.465984e+00	-2.744040e-01	-4.648851e-01	1.904811e-01
786           	-3.281662e-01	1.467262e+00	-2.745976e-01	-4.654651e-01	1.908674e-01
787           	-3.289022e-01	1.468547e+00	-2.741149e-01	-4.659597e-01	1.918448e-01
788           	-3.297949e-01	1.469491e+00	-2.726119e-01	-4.661009e-01	1.934889e-01
789           	-3.308668e-01	1.469513e+00	-2.698065e-01	-4.657700e-01	1.959635e-01
790           	-3.320697e-01	1.468193e+00	-2.655701e-01	-4.648548e-01	1.992847e-01
791           	-3.333308e-01	1.464004e+00	-2.589689e-01	-4.628153e-01	2.038464e-01
792           	-3.342916e-01	1.462845e+00	-2.550929e-01	-4.618381e-01	2.067451e-01
793           	-3.355596e-01	1.458549e+00	-2.482220e-01	-4.596706e-01	2.114486e-01
794           	-3.364001e-01	1.456509e+00	-2.438590e-01	-4.583296e-01	2.144706e-01
795           	-3.372434e-01	1.451537e+00	-2.373333e-01	-4.559100e-01	2.185767e-01
796           	-3.375663e-01	1.450247e+00	-2.345005e-01	-4.548166e-01	2.203161e-01
797           	-3.375569e-01	1.447460e+00	-2.312446e-01	-4.531792e-01	2.219346e-01
798           	-3.371482e-01	1.447080e+00	-2.307560e-01	-4.525262e-01	2.217702e-01
799           	-3.363312e-01	1.447104e+00	-2.314120e-01	-4.520372e-01	2.206252e-01
800           	-3.350361e-01	1.447689e+00	-2.336225e-01	-4.518474e-01	2.182249e-01
801           	-3.334533e-01	1.449297e+00	-2.376339e-01	-4.522703e-01	2.146364e-01
802           	-3.317224e-01	1.452086e+00	-2.431186e-01	-4.532817e-01	2.101631e-01
803           	-3.299837e-01	1.457499e+00	-2.516867e-01	-4.558271e-01	2.041403e-01
804           	-3.290149e-01	1.459152e+00	-2.556984e-01	-4.568641e-01	2.011657e-01
805           	-3.277195e-01	1.463269e+00	-2.621483e-01	-4.587937e-01	1.966453e-01
806           	-3.268575e-01	1.466496e+00	-2.672059e-01	-4.604605e-01	1.932545e-01
807           	-3.264539e-01	1.469642e+00	-2.714577e-01	-4.621827e-01	1.907250e-01
808           	-3.264756e-01	1.471254e+00	-2.735668e-01	-4.632590e-01	1.896922e-01
809           	-3.266688e-01	1.474461e+00	-2.764690e-01	-4.649033e-01	1.884343e-01
810           	-3.272113e-01	1.475410e+00	-2.768704e-01	-4.656465e-01	1.887761e-01
811           	-3.279846e-01	1.475952e+00	-2.766058e-01	-4.662875e-01	1.896817e-01
812           	-3.289571e-01	1.475912e+00	-2.753669e-01	-4.666406e-01	1.912737e-01
813           	-3.301820e-01	1.474926e+00	-2.730005e-01	-4.666823e-01	1.936818e-01
814           	-3.315908e-01	1.472502e+00	-2.690934e-01	-4.661375e-01	1.970441e-01
815           	-3.331390e-01	1.467050e+00	-2.623787e-01	-4.643284e-01	2.019497e-01
816           	-3.341494e-01	1.464689e+00	-2.586384e-01	-4.634686e-01	2.048302e-01
817           	-3.356897e-01	1.459013e+00	-2.519297e-01	-4.616546e-01	2.097249e-01
818           	-3.366084e-01	1.455827e+00	-2.477704e-01	-4.604937e-01	2.127232e-01
819           	-3.377218e-01	1.449161e+00	-2.407834e-01	-4.581135e-01	2.173301e-01
820           	-3.380120e-01	1.446822e+00	-2.381595e-01	-4.570917e-01	2.189322e-01
821           	-3.383039e-01	1.443288e+00	-2.349692e-01	-4.557885e-01	2.208194e-01
822           	-3.379070e-01	1.441947e+00	-2.344713e-01	-4.551426e-01	2.206713e-01
823           	-3.372970e-01	1.441183e+00	-2.352738e-01	-4.549339e-01	2.196601e-01
824           	-3.362234e-01	1.441170e+00	-2.374044e-01	-4.549256e-01	2.175212e-01
825           	-3.348490e-01	1.442167e+00	-2.408586e-01	-4.552783e-01	2.144197e-01
826           	-3.332581e-01	1.444352e+00	-2.453829e-01	-4.559496e-01	2.105667e-01
827           	-3.316083e-01	1.449688e+00	-2.520770e-01	-4.576468e-01	2.055698e-01
828           	-3.304532e-01	1.451073e+00	-2.558404e-01	-4.583734e-01	2.025329e-01
829           	-3.292010e-01	1.455353e+00	-2.623182e-01	-4.603601e-01	1.980419e-01
830           	-3.284628e-01	1.457584e+00	-2.660007e-01	-4.614631e-01	1.954625e-01
831           	-3.278976e-01	1.461994e+00	-2.711815e-01	-4.634884e-01	1.923069e-01
832           	-3.278188e-01	1.463542e+00	-2.730809e-01	-4.643592e-01	1.912783e-01
833           	-3.280032e-01	1.466629e+00	-2.754691e-01	-4.657377e-01	1.902686e-01
834           	-3.285022e-01	1.467542e+00	-2.754402e-01	-4.662223e-01	1.907821e-01
835           	-3.292301e-01	1.468227e+00	-2.746500e-01	-4.665551e-01	1.919051e-01
836           	-3.301517e-01	1.468454e+00	-2.729130e-01	-4.666082e-01	1.936952e-01
837           	-3.312966e-01	1.467844e+00	-2.700948e-01	-4.663440e-01	1.962492e-01
838           	-3.326236e-01	1.465918e+00	-2.660090e-01	-4.656281e-01	1.996191e-01
839           	-3.340268e-01	1.460877e+00	-2.596247e-01	-4.638391e-01	2.042144e-01
840           	-3.350928e-01	1.459206e+00	-2.558114e-01	-4.629985e-01	2.071871e-01
841           	-3.365376e-01	1.454128e+00	-2.491784e-01	-4.611268e-01	2.119484e-01
842           	-3.374289e-01	1.451460e+00	-2.449150e-01	-4.598864e-01	2.149714e-01
843           	-3.384343e-01	1.445492e+00	-2.385095e-01	-4.576891e-01	2.191796e-01
844           	-3.387326e-01	1.443758e+00	-2.358259e-01	-4.566455e-01	2.208196e-01
845           	-3.388612e-01	1.440711e+00	-2.328219e-01	-4.552722e-01	2.224503e-01
846           	-3.384403e-01	1.439966e+00	-2.323954e-01	-4.546380e-01	2.222427e-01
847           	-3.376807e-01	1.439764e+00	-2.331427e-01	-4.542521e-01	2.211094e-01
848           	-3.364205e-01	1.440254e+00	-2.353675e-01	-4.541043e-01	2.187368e-01
849           	-3.348337e-01	1.441756e+00	-2.391485e-01	-4.544080e-01	2.152594e-01
850           	-3.328371e-01	1.446305e+00	-2.461434e-01	-4.559088e-01	2.097654e-01
851           	-3.315429e-01	1.447769e+00	-2.500183e-01	-4.565520e-01	2.065337e-01
852           	-3.297940e-01	1.452015e+00	-2.564999e-01	-4.580439e-01	2.015440e-01
853           	-3.284807e-01	1.455992e+00	-2.623544e-01	-4.596579e-01	1.973035e-01
854           	-3.275965e-01	1.459569e+00	-2.671559e-01	-4.611745e-01	1.940186e-01
855           	-3.271923e-01	1.462493e+00	-2.707143e-01	-4.625494e-01	1.918352e-01
856           	-3.271210e-01	1.464041e+00	-2.724849e-01	-4.633635e-01	1.908786e-01
857           	-3.272296e-01	1.467727e+00	-2.749195e-01	-4.646893e-01	1.897698e-01
858           	-3.277163e-01	1.468699e+00	-2.751346e-01	-4.652836e-01	1.901490e-01
859           	-3.284468e-01	1.469515e+00	-2.746952e-01	-4.657945e-01	1.910992e-01
860           	-3.293844e-01	1.469839e+00	-2.732774e-01	-4.660231e-01	1.927457e-01
861           	-3.306126e-01	1.469559e+00	-2.708002e-01	-4.660127e-01	1.952125e-01
862           	-3.320256e-01	1.467718e+00	-2.664549e-01	-4.652530e-01	1.987981e-01
863           	-3.335117e-01	1.463272e+00	-2.592015e-01	-4.631124e-01	2.039109e-01
864           	-3.344900e-01	1.461519e+00	-2.555254e-01	-4.622527e-01	2.067274e-01
865           	-3.359655e-01	1.457053e+00	-2.488857e-01	-4.604083e-01	2.115226e-01
866           	-3.368223e-01	1.454822e+00	-2.447714e-01	-4.592080e-01	2.144366e-01
867           	-3.378241e-01	1.449864e+00	-2.381275e-01	-4.568879e-01	2.187604e-01
868           	-3.380749e-01	1.448528e+00	-2.353795e-01	-4.557646e-01	2.203852e-01
869           	-3.380963e-01	1.447347e+00	-2.331236e-01	-4.546581e-01	2.215345e-01
870           	-3.376738e-01	1.446543e+00	-2.319857e-01	-4.536667e-01	2.216810e-01
871           	-3.368687e-01	1.446578e+00	-2.322579e-01	-4.529976e-01	2.207397e-01
872           	-3.355878e-01	1.447407e+00	-2.340531e-01	-4.526143e-01	2.185613e-01
873           	-3.339442e-01	1.449023e+00	-2.372552e-01	-4.525719e-01	2.153166e-01
874           	-3.320662e-01	1.452344e+00	-2.423112e-01	-4.532218e-01	2.109106e-01
875           	-3.302058e-01	1.458369e+00	-2.502844e-01	-4.553481e-01	2.050636e-01
876           	-3.291335e-01	1.460217e+00	-2.540422e-01	-4.561546e-01	2.021124e-01
877           	-3.277203e-01	1.464386e+00	-2.602932e-01	-4.578668e-01	1.975737e-01
878           	-3.268230e-01	1.467455e+00	-2.650964e-01	-4.593712e-01	1.942748e-01
879           	-3.263897e-01	1.470698e+00	-2.693545e-01	-4.610669e-01	1.917124e-01
880           	-3.263522e-01	1.472176e+00	-2.711977e-01	-4.619510e-01	1.907534e-01
881           	-3.265025e-01	1.475200e+00	-2.740256e-01	-4.635153e-01	1.894897e-01
882           	-3.270181e-01	1.476245e+00	-2.744263e-01	-4.642313e-01	1.898050e-01
883           	-3.277633e-01	1.476981e+00	-2.741903e-01	-4.648585e-01	1.906681e-01
884           	-3.287314e-01	1.477336e+00	-2.731397e-01	-4.653012e-01	1.921615e-01
885           	-3.299278e-01	1.476790e+00	-2.709603e-01	-4.654079e-01	1.944476e-01
886           	-3.312868e-01	1.474848e+00	-2.673589e-01	-4.649663e-01	1.976074e-01
887           	-3.327283e-01	1.469950e+00	-2.613637e-01	-4.634101e-01	2.020464e-01
888           	-3.337358e-01	1.468172e+00	-2.576443e-01	-4.625580e-01	2.049137e-01
889           	-3.351120e-01	1.463033e+00	-2.510107e-01	-4.606173e-01	2.096066e-01
890           	-3.359191e-01	1.460468e+00	-2.468681e-01	-4.593532e-01	2.124851e-01
891           	-3.368192e-01	1.454824e+00	-2.405192e-01	-4.570788e-01	2.165596e-01
892           	-3.370471e-01	1.453077e+00	-2.379166e-01	-4.560054e-01	2.180888e-01
893           	-3.370940e-01	1.450099e+00	-2.349421e-01	-4.545650e-01	2.196229e-01
894           	-3.366082e-01	1.449208e+00	-2.345565e-01	-4.538865e-01	2.193299e-01
895           	-3.357959e-01	1.448785e+00	-2.354046e-01	-4.534982e-01	2.180937e-01
896           	-3.345212e-01	1.448907e+00	-2.376319e-01	-4.533372e-01	2.157053e-01
897           	-3.329690e-01	1.449967e+00	-2.412935e-01	-4.536157e-01	2.123222e-01
898           	-3.310783e-01	1.454130e+00	-2.476262e-01	-4.548915e-01	2.072652e-01
899           	-3.298544e-01	1.455211e+00	-2.515808e-01	-4.556448e-01	2.040640e-01
900           	-3.283220e-01	1.458929e+00	-2.582734e-01	-4.574587e-01	1.991853e-01
901           	-3.272352e-01	1.462337e+00	-2.641470e-01	-4.593087e-01	1.951617e-01
902           	-3.266134e-01	1.465526e+00	-2.691179e-01	-4.611723e-01	1.920545e-01
903           	-3.264825e-01	1.467979e+00	-2.727962e-01	-4.628806e-01	1.900844e-01
904           	-3.266581e-01	1.470119e+00	-2.755427e-01	-4.644294e-01	1.888867e-01
905           	-3.271332e-01	1.471098e+00	-2.765391e-01	-4.654028e-01	1.888637e-01
906           	-3.279815e-01	1.472806e+00	-2.776261e-01	-4.667946e-01	1.891685e-01
907           	-3.288632e-01	1.473178e+00	-2.770555e-01	-4.673909e-01	1.903354e-01
908           	-3.302050e-01	1.472681e+00	-2.752438e-01	-4.678269e-01	1.925830e-01
909           	-3.314729e-01	1.471462e+00	-2.724535e-01	-4.676996e-01	1.952462e-01
910           	-3.330905e-01	1.466644e+00	-2.664482e-01	-4.663146e-01	1.998664e-01
911           	-3.341833e-01	1.464765e+00	-2.628828e-01	-4.656247e-01	2.027419e-01
912           	-3.357824e-01	1.459312e+00	-2.561035e-01	-4.638341e-01	2.077307e-01
913           	-3.368098e-01	1.456233e+00	-2.516184e-01	-4.626190e-01	2.110006e-01
914           	-3.380205e-01	1.449345e+00	-2.440153e-01	-4.600281e-01	2.160129e-01
915           	-3.385373e-01	1.447048e+00	-2.407132e-01	-4.588939e-01	2.181807e-01
916           	-3.390237e-01	1.442322e+00	-2.358010e-01	-4.569242e-01	2.211232e-01
917           	-3.388866e-01	1.440625e+00	-2.342554e-01	-4.560143e-01	2.217589e-01
918           	-3.384327e-01	1.439244e+00	-2.335781e-01	-4.552217e-01	2.216436e-01
919           	-3.376053e-01	1.438510e+00	-2.342338e-01	-4.547223e-01	2.204884e-01
920           	-3.363020e-01	1.438495e+00	-2.363234e-01	-4.544637e-01	2.181403e-01
921           	-3.347218e-01	1.439625e+00	-2.398961e-01	-4.546698e-01	2.147737e-01
922           	-3.329490e-01	1.442144e+00	-2.447542e-01	-4.553261e-01	2.105719e-01
923           	-3.311764e-01	1.447786e+00	-2.521158e-01	-4.572343e-01	2.051185e-01
924           	-3.300785e-01	1.449348e+00	-2.559985e-01	-4.580777e-01	2.020792e-01
925           	-3.288348e-01	1.453819e+00	-2.622979e-01	-4.599837e-01	1.976858e-01
926           	-3.280295e-01	1.457350e+00	-2.671363e-01	-4.615976e-01	1.944613e-01
927           	-3.277062e-01	1.460850e+00	-2.710928e-01	-4.632526e-01	1.921598e-01
928           	-3.277549e-01	1.462709e+00	-2.728845e-01	-4.641971e-01	1.913126e-01
929           	-3.280375e-01	1.466287e+00	-2.752856e-01	-4.656803e-01	1.903947e-01
930           	-3.285844e-01	1.467592e+00	-2.753758e-01	-4.662723e-01	1.908965e-01
931           	-3.293664e-01	1.468693e+00	-2.747431e-01	-4.667379e-01	1.919948e-01
932           	-3.304376e-01	1.469409e+00	-2.729072e-01	-4.668912e-01	1.939840e-01
933           	-3.316115e-01	1.469021e+00	-2.702604e-01	-4.667417e-01	1.964813e-01
934           	-3.329597e-01	1.467026e+00	-2.660303e-01	-4.659748e-01	1.999445e-01
935           	-3.343828e-01	1.461888e+00	-2.590876e-01	-4.639266e-01	2.048390e-01
936           	-3.353998e-01	1.460201e+00	-2.551721e-01	-4.629859e-01	2.078138e-01
937           	-3.367760e-01	1.455693e+00	-2.483129e-01	-4.609324e-01	2.126195e-01
938           	-3.376084e-01	1.453255e+00	-2.439648e-01	-4.595908e-01	2.156260e-01
939           	-3.384836e-01	1.447801e+00	-2.370988e-01	-4.570330e-01	2.199343e-01
940           	-3.387001e-01	1.446396e+00	-2.345189e-01	-4.559596e-01	2.214407e-01
941           	-3.386408e-01	1.443823e+00	-2.312915e-01	-4.542866e-01	2.229951e-01
942           	-3.381089e-01	1.443293e+00	-2.309354e-01	-4.535766e-01	2.226412e-01
943           	-3.371897e-01	1.443434e+00	-2.317573e-01	-4.530684e-01	2.213111e-01
944           	-3.357814e-01	1.444246e+00	-2.340127e-01	-4.527877e-01	2.187750e-01
945           	-3.340833e-01	1.446321e+00	-2.379158e-01	-4.530412e-01	2.151254e-01
946           	-3.322334e-01	1.449548e+00	-2.430494e-01	-4.537581e-01	2.107087e-01
947           	-3.303829e-01	1.455467e+00	-2.507613e-01	-4.557635e-01	2.050022e-01
948           	-3.292916e-01	1.457455e+00	-2.546222e-01	-4.566027e-01	2.019805e-01
949           	-3.279335e-01	1.462125e+00	-2.609169e-01	-4.583920e-01	1.974751e-01
950           	-3.270546e-01	1.465703e+00	-2.656599e-01	-4.598846e-01	1.942247e-01
951           	-3.266762e-01	1.469464e+00	-2.697325e-01	-4.615424e-01	1.918099e-01
952           	-3.266825e-01	1.471393e+00	-2.714365e-01	-4.624007e-01	1.909642e-01
953           	-3.268585e-01	1.474999e+00	-2.739608e-01	-4.638389e-01	1.898781e-01
954           	-3.273983e-01	1.476299e+00	-2.740233e-01	-4.644099e-01	1.903866e-01
955           	-3.282001e-01	1.477515e+00	-2.736008e-01	-4.650004e-01	1.913997e-01
956           	-3.291180e-01	1.477759e+00	-2.720619e-01	-4.651489e-01	1.930870e-01
957           	-3.302651e-01	1.476779e+00	-2.693152e-01	-4.649227e-01	1.956075e-01
958           	-3.316264e-01	1.472789e+00	-2.645095e-01	-4.638811e-01	1.993716e-01
959           	-3.327810e-01	1.471405e+00	-2.611075e-01	-4.633347e-01	2.022272e-01
960           	-3.342688e-01	1.466446e+00	-2.546675e-01	-4.616026e-01	2.069351e-01
961           	-3.353259e-01	1.463548e+00	-2.502763e-01	-4.604640e-01	2.101877e-01
962           	-3.364470e-01	1.457037e+00	-2.432057e-01	-4.580499e-01	2.148442e-01
963           	-3.369838e-01	1.455201e+00	-2.402294e-01	-4.570986e-01	2.168691e-01
964           	-3.374222e-01	1.450843e+00	-2.358879e-01	-4.553661e-01	2.194782e-01
965           	-3.373088e-01	1.449527e+00	-2.346960e-01	-4.546568e-01	2.199608e-01
966           	-3.368674e-01	1.448377e+00	-2.344175e-01	-4.540762e-01	2.196587e-01
967           	-3.360560e-01	1.447832e+00	-2.355356e-01	-4.538237e-01	2.182882e-01
968           	-3.347688e-01	1.447899e+00	-2.380558e-01	-4.537967e-01	2.157409e-01
969           	-3.332228e-01	1.448978e+00	-2.421110e-01	-4.542783e-01	2.121673e-01
970           	-3.313622e-01	1.453311e+00	-2.489104e-01	-4.558174e-01	2.069070e-01
971           	-3.301239e-01	1.454183e+00	-2.528860e-01	-4.565669e-01	2.036809e-01
972           	-3.285696e-01	1.457636e+00	-2.594639e-01	-4.583016e-01	1.988376e-01
973           	-3.274748e-01	1.460725e+00	-2.650633e-01	-4.600065e-01	1.949432e-01
974           	-3.268160e-01	1.463452e+00	-2.695704e-01	-4.616012e-01	1.920308e-01
975           	-3.266215e-01	1.465517e+00	-2.728221e-01	-4.630325e-01	1.902105e-01
976           	-3.267594e-01	1.466389e+00	-2.744218e-01	-4.639703e-01	1.895485e-01
977           	-3.272645e-01	1.468886e+00	-2.765124e-01	-4.655207e-01	1.890083e-01
978           	-3.279143e-01	1.469386e+00	-2.765231e-01	-4.661759e-01	1.896528e-01
979           	-3.290169e-01	1.469782e+00	-2.756955e-01	-4.668647e-01	1.911691e-01
980           	-3.301097e-01	1.469355e+00	-2.738335e-01	-4.670265e-01	1.931930e-01
981           	-3.315552e-01	1.467797e+00	-2.705804e-01	-4.668454e-01	1.962650e-01
982           	-3.332672e-01	1.463385e+00	-2.637184e-01	-4.651264e-01	2.014080e-01
983           	-3.343936e-01	1.461642e+00	-2.600990e-01	-4.644431e-01	2.043441e-01
984           	-3.360219e-01	1.456509e+00	-2.532636e-01	-4.626538e-01	2.093901e-01
985           	-3.370723e-01	1.453712e+00	-2.488767e-01	-4.615107e-01	2.126340e-01
986           	-3.382806e-01	1.447400e+00	-2.414514e-01	-4.590063e-01	2.175549e-01
987           	-3.387288e-01	1.445435e+00	-2.383276e-01	-4.578926e-01	2.195650e-01
988           	-3.390716e-01	1.441259e+00	-2.337414e-01	-4.559423e-01	2.222010e-01
989           	-3.388230e-01	1.439999e+00	-2.324280e-01	-4.550370e-01	2.226090e-01
990           	-3.382373e-01	1.439155e+00	-2.320324e-01	-4.542535e-01	2.222211e-01
991           	-3.372352e-01	1.439001e+00	-2.329725e-01	-4.537214e-01	2.207489e-01
992           	-3.357725e-01	1.439591e+00	-2.354128e-01	-4.534789e-01	2.180661e-01
993           	-3.340246e-01	1.441497e+00	-2.395606e-01	-4.538049e-01	2.142443e-01
994           	-3.320101e-01	1.446585e+00	-2.471186e-01	-4.555694e-01	2.084508e-01
995           	-3.308462e-01	1.448375e+00	-2.511251e-01	-4.564087e-01	2.052836e-01
996           	-3.292247e-01	1.452732e+00	-2.577170e-01	-4.580832e-01	2.003662e-01
997           	-3.281420e-01	1.456291e+00	-2.633270e-01	-4.598055e-01	1.964785e-01
998           	-3.274789e-01	1.460099e+00	-2.682857e-01	-4.616217e-01	1.933360e-01
999           	-3.273275e-01	1.462926e+00	-2.716652e-01	-4.631601e-01	1.914949e-01
1000          	-3.274466e-01	1.464456e+00	-2.731273e-01	-4.640102e-01	1.908829e-01
